Numărul de cărți este 1325

| Cartea | Pagini |
|--------|--------|
|      1 |   1436 |
|      2 |    844 |
|      3 |    637 |
|      4 |    419 |
|      5 |    302 |
|      6 |    146 |
|      7 |    880 |
|      8 |    104 |
|      9 |   1410 |
|     10 |    214 |
|     11 |   1249 |
|     12 |    901 |
|     13 |   1466 |
|     14 |   1393 |
|     15 |   1290 |
|     16 |   1143 |
|     17 |    335 |
|     18 |   1205 |
|     19 |   1419 |
|     20 |    600 |
|     21 |   1458 |
|     22 |   1320 |
|     23 |   1025 |
|     24 |    225 |
|     25 |    902 |
|     26 |    322 |
|     27 |    801 |
|     28 |   1248 |
|     29 |   1387 |
|     30 |   1127 |
|     31 |    114 |
|     32 |   1222 |
|     33 |    477 |
|     34 |    906 |
|     35 |   1292 |
|     36 |    425 |
|     37 |    544 |
|     38 |    104 |
|     39 |     92 |
|     40 |    265 |
|     41 |   1458 |
|     42 |    398 |
|     43 |    911 |
|     44 |    569 |
|     45 |   1111 |
|     46 |    663 |
|     47 |   1156 |
|     48 |    455 |
|     49 |    581 |
|     50 |   1328 |
|     51 |    579 |
|     52 |   1087 |
|     53 |    835 |
|     54 |    841 |
|     55 |    821 |
|     56 |   1054 |
|     57 |    216 |
|     58 |    464 |
|     59 |   1002 |
|     60 |    816 |
|     61 |   1060 |
|     62 |    546 |
|     63 |    102 |
|     64 |   1054 |
|     65 |   1149 |
|     66 |    633 |
|     67 |   1064 |
|     68 |    785 |
|     69 |    902 |
|     70 |    624 |
|     71 |    114 |
|     72 |   1069 |
|     73 |   1417 |
|     74 |    260 |
|     75 |    633 |
|     76 |    188 |
|     77 |   1073 |
|     78 |   1154 |
|     79 |   1119 |
|     80 |    574 |
|     81 |    316 |
|     82 |    966 |
|     83 |   1369 |
|     84 |    181 |
|     85 |    593 |
|     86 |   1147 |
|     87 |    207 |
|     88 |   1391 |
|     89 |   1079 |
|     90 |    637 |
|     91 |   1435 |
|     92 |    554 |
|     93 |    678 |
|     94 |    319 |
|     95 |   1403 |
|     96 |    325 |
|     97 |    506 |
|     98 |   1117 |
|     99 |   1208 |
|    100 |   1435 |
|    101 |    798 |
|    102 |    347 |
|    103 |   1469 |
|    104 |   1474 |
|    105 |   1162 |
|    106 |   1425 |
|    107 |   1077 |
|    108 |   1090 |
|    109 |   1023 |
|    110 |    289 |
|    111 |    392 |
|    112 |    769 |
|    113 |   1142 |
|    114 |    111 |
|    115 |    385 |
|    116 |   1217 |
|    117 |    824 |
|    118 |   1077 |
|    119 |     67 |
|    120 |   1300 |
|    121 |    343 |
|    122 |   1495 |
|    123 |    429 |
|    124 |    695 |
|    125 |    618 |
|    126 |    965 |
|    127 |    858 |
|    128 |    894 |
|    129 |   1109 |
|    130 |    212 |
|    131 |    548 |
|    132 |   1480 |
|    133 |   1367 |
|    134 |   1139 |
|    135 |    813 |
|    136 |    267 |
|    137 |   1262 |
|    138 |    891 |
|    139 |   1248 |
|    140 |    995 |
|    141 |   1210 |
|    142 |   1148 |
|    143 |    217 |
|    144 |    158 |
|    145 |     90 |
|    146 |   1311 |
|    147 |    941 |
|    148 |   1058 |
|    149 |    196 |
|    150 |   1486 |
|    151 |    783 |
|    152 |    804 |
|    153 |    325 |
|    154 |   1136 |
|    155 |   1127 |
|    156 |    220 |
|    157 |     53 |
|    158 |    722 |
|    159 |    635 |
|    160 |    453 |
|    161 |   1301 |
|    162 |   1416 |
|    163 |    472 |
|    164 |    260 |
|    165 |    340 |
|    166 |    447 |
|    167 |   1162 |
|    168 |   1152 |
|    169 |   1352 |
|    170 |    329 |
|    171 |    523 |
|    172 |    312 |
|    173 |    790 |
|    174 |    106 |
|    175 |    597 |
|    176 |    990 |
|    177 |    501 |
|    178 |    818 |
|    179 |    826 |
|    180 |   1454 |
|    181 |   1080 |
|    182 |    663 |
|    183 |    576 |
|    184 |    770 |
|    185 |   1330 |
|    186 |    823 |
|    187 |    522 |
|    188 |    266 |
|    189 |   1428 |
|    190 |   1226 |
|    191 |   1285 |
|    192 |    638 |
|    193 |   1183 |
|    194 |    130 |
|    195 |   1040 |
|    196 |   1453 |
|    197 |    765 |
|    198 |   1116 |
|    199 |    461 |
|    200 |    845 |
|    201 |   1476 |
|    202 |   1060 |
|    203 |    284 |
|    204 |   1478 |
|    205 |    454 |
|    206 |    668 |
|    207 |   1239 |
|    208 |   1177 |
|    209 |   1333 |
|    210 |    305 |
|    211 |     71 |
|    212 |   1256 |
|    213 |   1148 |
|    214 |   1083 |
|    215 |   1353 |
|    216 |   1086 |
|    217 |    729 |
|    218 |    288 |
|    219 |   1083 |
|    220 |   1441 |
|    221 |   1269 |
|    222 |    998 |
|    223 |     65 |
|    224 |    703 |
|    225 |   1137 |
|    226 |   1004 |
|    227 |    489 |
|    228 |   1096 |
|    229 |    946 |
|    230 |   1222 |
|    231 |    597 |
|    232 |    702 |
|    233 |    751 |
|    234 |   1445 |
|    235 |    710 |
|    236 |    517 |
|    237 |    245 |
|    238 |    700 |
|    239 |    467 |
|    240 |    244 |
|    241 |   1467 |
|    242 |    306 |
|    243 |    413 |
|    244 |    657 |
|    245 |   1403 |
|    246 |    381 |
|    247 |   1280 |
|    248 |    555 |
|    249 |   1043 |
|    250 |    875 |
|    251 |    682 |
|    252 |   1177 |
|    253 |    431 |
|    254 |    860 |
|    255 |    528 |
|    256 |     72 |
|    257 |   1156 |
|    258 |    555 |
|    259 |   1079 |
|    260 |    778 |
|    261 |   1186 |
|    262 |    241 |
|    263 |    781 |
|    264 |    609 |
|    265 |    954 |
|    266 |   1072 |
|    267 |    383 |
|    268 |   1236 |
|    269 |   1110 |
|    270 |    241 |
|    271 |    914 |
|    272 |   1322 |
|    273 |    830 |
|    274 |    207 |
|    275 |     79 |
|    276 |   1024 |
|    277 |    442 |
|    278 |   1041 |
|    279 |    768 |
|    280 |    170 |
|    281 |   1270 |
|    282 |    850 |
|    283 |    866 |
|    284 |   1356 |
|    285 |    204 |
|    286 |   1387 |
|    287 |   1464 |
|    288 |    480 |
|    289 |    760 |
|    290 |   1388 |
|    291 |    835 |
|    292 |    846 |
|    293 |    609 |
|    294 |    835 |
|    295 |    175 |
|    296 |    628 |
|    297 |   1052 |
|    298 |    476 |
|    299 |    329 |
|    300 |    692 |
|    301 |   1433 |
|    302 |    642 |
|    303 |   1188 |
|    304 |    196 |
|    305 |    491 |
|    306 |   1378 |
|    307 |   1129 |
|    308 |    220 |
|    309 |    527 |
|    310 |    337 |
|    311 |    837 |
|    312 |    434 |
|    313 |    742 |
|    314 |     84 |
|    315 |    404 |
|    316 |   1171 |
|    317 |    287 |
|    318 |    368 |
|    319 |    930 |
|    320 |   1313 |
|    321 |   1380 |
|    322 |    110 |
|    323 |    634 |
|    324 |    651 |
|    325 |    474 |
|    326 |   1492 |
|    327 |    654 |
|    328 |   1430 |
|    329 |    648 |
|    330 |    493 |
|    331 |   1443 |
|    332 |    530 |
|    333 |    886 |
|    334 |    423 |
|    335 |   1325 |
|    336 |   1450 |
|    337 |    258 |
|    338 |    993 |
|    339 |    248 |
|    340 |    110 |
|    341 |   1485 |
|    342 |    949 |
|    343 |   1368 |
|    344 |    260 |
|    345 |   1049 |
|    346 |   1026 |
|    347 |    641 |
|    348 |    511 |
|    349 |   1393 |
|    350 |    326 |
|    351 |   1176 |
|    352 |   1219 |
|    353 |    219 |
|    354 |     77 |
|    355 |    589 |
|    356 |   1448 |
|    357 |   1021 |
|    358 |    292 |
|    359 |    949 |
|    360 |   1272 |
|    361 |   1280 |
|    362 |    680 |
|    363 |   1104 |
|    364 |    383 |
|    365 |    157 |
|    366 |   1154 |
|    367 |    431 |
|    368 |    392 |
|    369 |    229 |
|    370 |   1370 |
|    371 |     59 |
|    372 |   1052 |
|    373 |    753 |
|    374 |    653 |
|    375 |    665 |
|    376 |    420 |
|    377 |   1182 |
|    378 |    434 |
|    379 |    522 |
|    380 |    737 |
|    381 |    901 |
|    382 |    836 |
|    383 |   1001 |
|    384 |    882 |
|    385 |   1458 |
|    386 |   1206 |
|    387 |   1001 |
|    388 |    298 |
|    389 |   1161 |
|    390 |    237 |
|    391 |    657 |
|    392 |   1248 |
|    393 |    730 |
|    394 |    703 |
|    395 |    848 |
|    396 |    650 |
|    397 |    877 |
|    398 |    803 |
|    399 |    114 |
|    400 |   1055 |
|    401 |    933 |
|    402 |   1363 |
|    403 |   1211 |
|    404 |   1425 |
|    405 |   1270 |
|    406 |   1269 |
|    407 |    937 |
|    408 |    126 |
|    409 |    484 |
|    410 |    291 |
|    411 |    154 |
|    412 |    631 |
|    413 |   1450 |
|    414 |   1115 |
|    415 |   1460 |
|    416 |    876 |
|    417 |   1491 |
|    418 |    851 |
|    419 |    524 |
|    420 |   1237 |
|    421 |    197 |
|    422 |    876 |
|    423 |   1337 |
|    424 |     63 |
|    425 |   1121 |
|    426 |    481 |
|    427 |   1134 |
|    428 |    121 |
|    429 |    771 |
|    430 |    168 |
|    431 |   1227 |
|    432 |    268 |
|    433 |    208 |
|    434 |   1295 |
|    435 |    553 |
|    436 |    395 |
|    437 |   1223 |
|    438 |   1414 |
|    439 |    511 |
|    440 |    907 |
|    441 |    584 |
|    442 |    706 |
|    443 |    515 |
|    444 |    174 |
|    445 |    869 |
|    446 |    283 |
|    447 |    769 |
|    448 |    665 |
|    449 |   1025 |
|    450 |   1214 |
|    451 |    995 |
|    452 |    632 |
|    453 |    922 |
|    454 |    716 |
|    455 |     93 |
|    456 |    516 |
|    457 |     80 |
|    458 |   1190 |
|    459 |    530 |
|    460 |   1036 |
|    461 |    851 |
|    462 |   1099 |
|    463 |    916 |
|    464 |   1436 |
|    465 |    161 |
|    466 |   1196 |
|    467 |    362 |
|    468 |    529 |
|    469 |   1073 |
|    470 |   1463 |
|    471 |     54 |
|    472 |    389 |
|    473 |   1257 |
|    474 |    744 |
|    475 |    634 |
|    476 |    921 |
|    477 |    118 |
|    478 |    269 |
|    479 |     71 |
|    480 |    270 |
|    481 |    140 |
|    482 |    598 |
|    483 |    455 |
|    484 |    566 |
|    485 |    472 |
|    486 |   1287 |
|    487 |    507 |
|    488 |    986 |
|    489 |    517 |
|    490 |    451 |
|    491 |    372 |
|    492 |   1062 |
|    493 |    782 |
|    494 |    354 |
|    495 |   1276 |
|    496 |   1181 |
|    497 |   1483 |
|    498 |   1056 |
|    499 |   1257 |
|    500 |    104 |
|    501 |    473 |
|    502 |    456 |
|    503 |     84 |
|    504 |    725 |
|    505 |   1380 |
|    506 |    322 |
|    507 |     61 |
|    508 |     69 |
|    509 |    304 |
|    510 |     78 |
|    511 |    521 |
|    512 |   1248 |
|    513 |   1452 |
|    514 |    949 |
|    515 |   1096 |
|    516 |    806 |
|    517 |   1123 |
|    518 |    403 |
|    519 |    502 |
|    520 |    725 |
|    521 |    524 |
|    522 |   1116 |
|    523 |   1175 |
|    524 |    792 |
|    525 |    183 |
|    526 |    455 |
|    527 |   1044 |
|    528 |   1183 |
|    529 |   1063 |
|    530 |    588 |
|    531 |    425 |
|    532 |    164 |
|    533 |    440 |
|    534 |    318 |
|    535 |   1371 |
|    536 |   1369 |
|    537 |    886 |
|    538 |    212 |
|    539 |   1259 |
|    540 |    528 |
|    541 |    421 |
|    542 |    305 |
|    543 |    324 |
|    544 |    874 |
|    545 |   1005 |
|    546 |   1118 |
|    547 |   1374 |
|    548 |    323 |
|    549 |    868 |
|    550 |    755 |
|    551 |    227 |
|    552 |    612 |
|    553 |    512 |
|    554 |   1061 |
|    555 |    805 |
|    556 |    242 |
|    557 |    846 |
|    558 |    234 |
|    559 |   1312 |
|    560 |    291 |
|    561 |    308 |
|    562 |     81 |
|    563 |    760 |
|    564 |    195 |
|    565 |    288 |
|    566 |    948 |
|    567 |   1135 |
|    568 |   1211 |
|    569 |   1195 |
|    570 |    600 |
|    571 |    509 |
|    572 |    258 |
|    573 |   1018 |
|    574 |    784 |
|    575 |    629 |
|    576 |   1465 |
|    577 |    523 |
|    578 |    626 |
|    579 |    938 |
|    580 |    122 |
|    581 |    405 |
|    582 |    418 |
|    583 |   1474 |
|    584 |    522 |
|    585 |   1141 |
|    586 |    562 |
|    587 |    220 |
|    588 |    654 |
|    589 |    848 |
|    590 |   1263 |
|    591 |    242 |
|    592 |   1068 |
|    593 |    274 |
|    594 |    533 |
|    595 |    758 |
|    596 |    514 |
|    597 |    265 |
|    598 |   1326 |
|    599 |    715 |
|    600 |    305 |
|    601 |    820 |
|    602 |    612 |
|    603 |     69 |
|    604 |     98 |
|    605 |    691 |
|    606 |   1016 |
|    607 |    883 |
|    608 |    486 |
|    609 |   1092 |
|    610 |   1264 |
|    611 |   1323 |
|    612 |    321 |
|    613 |    369 |
|    614 |    417 |
|    615 |   1177 |
|    616 |    622 |
|    617 |    105 |
|    618 |   1131 |
|    619 |   1500 |
|    620 |     76 |
|    621 |    526 |
|    622 |   1250 |
|    623 |    162 |
|    624 |    165 |
|    625 |   1216 |
|    626 |    753 |
|    627 |    239 |
|    628 |    314 |
|    629 |    925 |
|    630 |   1250 |
|    631 |     52 |
|    632 |   1108 |
|    633 |    489 |
|    634 |    801 |
|    635 |    520 |
|    636 |    978 |
|    637 |    991 |
|    638 |    559 |
|    639 |    613 |
|    640 |    699 |
|    641 |    782 |
|    642 |    715 |
|    643 |    389 |
|    644 |    876 |
|    645 |   1380 |
|    646 |    195 |
|    647 |    835 |
|    648 |    291 |
|    649 |   1107 |
|    650 |   1003 |
|    651 |    404 |
|    652 |   1119 |
|    653 |   1052 |
|    654 |   1205 |
|    655 |   1071 |
|    656 |    762 |
|    657 |    219 |
|    658 |   1196 |
|    659 |   1114 |
|    660 |    187 |
|    661 |    125 |
|    662 |    481 |
|    663 |    722 |
|    664 |    326 |
|    665 |    482 |
|    666 |    871 |
|    667 |    624 |
|    668 |    730 |
|    669 |    248 |
|    670 |    594 |
|    671 |    575 |
|    672 |    752 |
|    673 |    494 |
|    674 |    346 |
|    675 |    188 |
|    676 |    842 |
|    677 |   1420 |
|    678 |    455 |
|    679 |    268 |
|    680 |   1500 |
|    681 |    831 |
|    682 |    387 |
|    683 |    908 |
|    684 |    431 |
|    685 |    116 |
|    686 |    275 |
|    687 |    759 |
|    688 |    958 |
|    689 |    807 |
|    690 |   1275 |
|    691 |    683 |
|    692 |    640 |
|    693 |    130 |
|    694 |   1314 |
|    695 |     67 |
|    696 |   1202 |
|    697 |    645 |
|    698 |    295 |
|    699 |    213 |
|    700 |   1257 |
|    701 |    364 |
|    702 |   1022 |
|    703 |    991 |
|    704 |    778 |
|    705 |    264 |
|    706 |    823 |
|    707 |    688 |
|    708 |     82 |
|    709 |    506 |
|    710 |    843 |
|    711 |   1060 |
|    712 |    755 |
|    713 |    762 |
|    714 |    639 |
|    715 |    378 |
|    716 |    541 |
|    717 |   1464 |
|    718 |    407 |
|    719 |   1432 |
|    720 |    329 |
|    721 |    143 |
|    722 |    326 |
|    723 |   1194 |
|    724 |    556 |
|    725 |    707 |
|    726 |    205 |
|    727 |    493 |
|    728 |    866 |
|    729 |    377 |
|    730 |   1109 |
|    731 |   1045 |
|    732 |    903 |
|    733 |    708 |
|    734 |   1132 |
|    735 |    596 |
|    736 |   1465 |
|    737 |   1387 |
|    738 |   1492 |
|    739 |   1225 |
|    740 |    141 |
|    741 |    824 |
|    742 |    601 |
|    743 |   1386 |
|    744 |   1239 |
|    745 |   1471 |
|    746 |    941 |
|    747 |    859 |
|    748 |     69 |
|    749 |    835 |
|    750 |   1471 |
|    751 |     82 |
|    752 |   1500 |
|    753 |    476 |
|    754 |    571 |
|    755 |    113 |
|    756 |    366 |
|    757 |    207 |
|    758 |   1408 |
|    759 |    396 |
|    760 |    297 |
|    761 |   1335 |
|    762 |    595 |
|    763 |    840 |
|    764 |    369 |
|    765 |   1465 |
|    766 |    302 |
|    767 |   1239 |
|    768 |    926 |
|    769 |    963 |
|    770 |    315 |
|    771 |    368 |
|    772 |    220 |
|    773 |   1456 |
|    774 |   1269 |
|    775 |   1309 |
|    776 |    352 |
|    777 |    997 |
|    778 |    182 |
|    779 |    158 |
|    780 |    818 |
|    781 |   1409 |
|    782 |     50 |
|    783 |   1359 |
|    784 |    948 |
|    785 |    207 |
|    786 |   1001 |
|    787 |   1478 |
|    788 |   1028 |
|    789 |    448 |
|    790 |    209 |
|    791 |   1200 |
|    792 |   1419 |
|    793 |    118 |
|    794 |    398 |
|    795 |    886 |
|    796 |    745 |
|    797 |   1022 |
|    798 |    526 |
|    799 |   1420 |
|    800 |     80 |
|    801 |   1158 |
|    802 |   1405 |
|    803 |    880 |
|    804 |   1089 |
|    805 |   1498 |
|    806 |    956 |
|    807 |    151 |
|    808 |    801 |
|    809 |    464 |
|    810 |    100 |
|    811 |   1082 |
|    812 |     52 |
|    813 |    890 |
|    814 |    531 |
|    815 |   1163 |
|    816 |    373 |
|    817 |    673 |
|    818 |   1049 |
|    819 |    240 |
|    820 |   1343 |
|    821 |   1342 |
|    822 |   1176 |
|    823 |   1432 |
|    824 |    869 |
|    825 |    590 |
|    826 |    671 |
|    827 |    720 |
|    828 |   1134 |
|    829 |   1210 |
|    830 |    625 |
|    831 |    447 |
|    832 |    417 |
|    833 |    446 |
|    834 |   1366 |
|    835 |    754 |
|    836 |    689 |
|    837 |    862 |
|    838 |    813 |
|    839 |   1165 |
|    840 |   1370 |
|    841 |     94 |
|    842 |    746 |
|    843 |    162 |
|    844 |   1227 |
|    845 |    147 |
|    846 |     72 |
|    847 |    764 |
|    848 |    149 |
|    849 |   1203 |
|    850 |   1282 |
|    851 |    207 |
|    852 |    633 |
|    853 |    641 |
|    854 |   1173 |
|    855 |    266 |
|    856 |    301 |
|    857 |   1221 |
|    858 |    182 |
|    859 |   1339 |
|    860 |   1328 |
|    861 |    386 |
|    862 |    876 |
|    863 |   1128 |
|    864 |    234 |
|    865 |    829 |
|    866 |    232 |
|    867 |   1419 |
|    868 |   1407 |
|    869 |    914 |
|    870 |     64 |
|    871 |    523 |
|    872 |    493 |
|    873 |    963 |
|    874 |    955 |
|    875 |    745 |
|    876 |   1352 |
|    877 |     74 |
|    878 |    185 |
|    879 |   1155 |
|    880 |    263 |
|    881 |   1240 |
|    882 |    197 |
|    883 |    906 |
|    884 |    519 |
|    885 |    492 |
|    886 |    250 |
|    887 |    250 |
|    888 |   1223 |
|    889 |    671 |
|    890 |    565 |
|    891 |   1223 |
|    892 |   1201 |
|    893 |    203 |
|    894 |    934 |
|    895 |   1223 |
|    896 |   1294 |
|    897 |   1390 |
|    898 |    265 |
|    899 |   1156 |
|    900 |    215 |
|    901 |    768 |
|    902 |    511 |
|    903 |    260 |
|    904 |    296 |
|    905 |    765 |
|    906 |    259 |
|    907 |    521 |
|    908 |    979 |
|    909 |   1420 |
|    910 |    167 |
|    911 |   1490 |
|    912 |   1480 |
|    913 |    876 |
|    914 |    891 |
|    915 |    643 |
|    916 |    739 |
|    917 |    214 |
|    918 |    552 |
|    919 |   1293 |
|    920 |   1382 |
|    921 |    214 |
|    922 |   1203 |
|    923 |   1296 |
|    924 |   1068 |
|    925 |   1248 |
|    926 |    144 |
|    927 |   1157 |
|    928 |    688 |
|    929 |    289 |
|    930 |    980 |
|    931 |     70 |
|    932 |    811 |
|    933 |    698 |
|    934 |   1023 |
|    935 |   1335 |
|    936 |   1001 |
|    937 |    631 |
|    938 |    229 |
|    939 |    600 |
|    940 |    377 |
|    941 |   1450 |
|    942 |   1020 |
|    943 |   1493 |
|    944 |    129 |
|    945 |    627 |
|    946 |   1159 |
|    947 |    996 |
|    948 |    638 |
|    949 |    391 |
|    950 |   1085 |
|    951 |    909 |
|    952 |    591 |
|    953 |    626 |
|    954 |   1460 |
|    955 |    414 |
|    956 |    369 |
|    957 |   1172 |
|    958 |    699 |
|    959 |   1426 |
|    960 |   1131 |
|    961 |   1358 |
|    962 |    996 |
|    963 |    977 |
|    964 |    281 |
|    965 |    708 |
|    966 |     73 |
|    967 |    721 |
|    968 |   1300 |
|    969 |   1333 |
|    970 |    301 |
|    971 |    127 |
|    972 |    537 |
|    973 |    837 |
|    974 |   1371 |
|    975 |    828 |
|    976 |   1356 |
|    977 |   1372 |
|    978 |    172 |
|    979 |    182 |
|    980 |    999 |
|    981 |    164 |
|    982 |   1041 |
|    983 |    140 |
|    984 |    312 |
|    985 |   1497 |
|    986 |    640 |
|    987 |   1493 |
|    988 |   1360 |
|    989 |   1039 |
|    990 |    172 |
|    991 |    911 |
|    992 |    949 |
|    993 |    616 |
|    994 |    412 |
|    995 |    375 |
|    996 |    235 |
|    997 |    939 |
|    998 |    844 |
|    999 |    484 |
|   1000 |   1427 |
|   1001 |   1310 |
|   1002 |    236 |
|   1003 |    844 |
|   1004 |    521 |
|   1005 |    287 |
|   1006 |    342 |
|   1007 |    669 |
|   1008 |    631 |
|   1009 |   1233 |
|   1010 |   1313 |
|   1011 |    223 |
|   1012 |    747 |
|   1013 |    303 |
|   1014 |    468 |
|   1015 |   1197 |
|   1016 |   1132 |
|   1017 |   1318 |
|   1018 |    840 |
|   1019 |   1056 |
|   1020 |   1452 |
|   1021 |    882 |
|   1022 |    826 |
|   1023 |    764 |
|   1024 |    721 |
|   1025 |   1095 |
|   1026 |    966 |
|   1027 |    350 |
|   1028 |    272 |
|   1029 |   1296 |
|   1030 |    137 |
|   1031 |    477 |
|   1032 |    561 |
|   1033 |    672 |
|   1034 |    987 |
|   1035 |    487 |
|   1036 |   1024 |
|   1037 |    731 |
|   1038 |    739 |
|   1039 |    209 |
|   1040 |    415 |
|   1041 |    676 |
|   1042 |    588 |
|   1043 |    226 |
|   1044 |    581 |
|   1045 |   1136 |
|   1046 |    708 |
|   1047 |    316 |
|   1048 |    822 |
|   1049 |     77 |
|   1050 |    964 |
|   1051 |    478 |
|   1052 |   1427 |
|   1053 |   1374 |
|   1054 |   1161 |
|   1055 |   1364 |
|   1056 |    573 |
|   1057 |    177 |
|   1058 |    462 |
|   1059 |   1068 |
|   1060 |    566 |
|   1061 |    824 |
|   1062 |   1437 |
|   1063 |    733 |
|   1064 |    126 |
|   1065 |    297 |
|   1066 |   1373 |
|   1067 |   1180 |
|   1068 |    292 |
|   1069 |    394 |
|   1070 |    768 |
|   1071 |    544 |
|   1072 |     74 |
|   1073 |    575 |
|   1074 |   1329 |
|   1075 |    718 |
|   1076 |   1500 |
|   1077 |    268 |
|   1078 |   1176 |
|   1079 |    618 |
|   1080 |   1400 |
|   1081 |    816 |
|   1082 |    516 |
|   1083 |    437 |
|   1084 |    982 |
|   1085 |    322 |
|   1086 |   1432 |
|   1087 |     96 |
|   1088 |   1276 |
|   1089 |   1078 |
|   1090 |    297 |
|   1091 |   1345 |
|   1092 |    523 |
|   1093 |    295 |
|   1094 |     88 |
|   1095 |    531 |
|   1096 |    405 |
|   1097 |    708 |
|   1098 |   1019 |
|   1099 |   1327 |
|   1100 |   1372 |
|   1101 |    317 |
|   1102 |    443 |
|   1103 |    485 |
|   1104 |   1364 |
|   1105 |    454 |
|   1106 |    415 |
|   1107 |    585 |
|   1108 |   1277 |
|   1109 |    275 |
|   1110 |    330 |
|   1111 |   1198 |
|   1112 |    593 |
|   1113 |    562 |
|   1114 |   1327 |
|   1115 |   1041 |
|   1116 |    581 |
|   1117 |    478 |
|   1118 |    209 |
|   1119 |    218 |
|   1120 |   1408 |
|   1121 |    781 |
|   1122 |   1477 |
|   1123 |    120 |
|   1124 |   1086 |
|   1125 |    962 |
|   1126 |    805 |
|   1127 |   1016 |
|   1128 |    299 |
|   1129 |    853 |
|   1130 |    348 |
|   1131 |    242 |
|   1132 |    607 |
|   1133 |   1041 |
|   1134 |   1064 |
|   1135 |    729 |
|   1136 |   1340 |
|   1137 |    405 |
|   1138 |    398 |
|   1139 |   1018 |
|   1140 |    287 |
|   1141 |    637 |
|   1142 |    399 |
|   1143 |   1152 |
|   1144 |   1331 |
|   1145 |   1460 |
|   1146 |    261 |
|   1147 |   1151 |
|   1148 |   1296 |
|   1149 |   1264 |
|   1150 |    753 |
|   1151 |   1097 |
|   1152 |   1401 |
|   1153 |    676 |
|   1154 |    355 |
|   1155 |   1022 |
|   1156 |    774 |
|   1157 |    262 |
|   1158 |   1067 |
|   1159 |   1225 |
|   1160 |   1302 |
|   1161 |   1284 |
|   1162 |    268 |
|   1163 |    131 |
|   1164 |   1340 |
|   1165 |    389 |
|   1166 |    345 |
|   1167 |    450 |
|   1168 |    192 |
|   1169 |   1391 |
|   1170 |   1209 |
|   1171 |    127 |
|   1172 |    542 |
|   1173 |   1249 |
|   1174 |   1239 |
|   1175 |    333 |
|   1176 |   1365 |
|   1177 |    552 |
|   1178 |    784 |
|   1179 |    359 |
|   1180 |   1463 |
|   1181 |    709 |
|   1182 |    880 |
|   1183 |   1407 |
|   1184 |    871 |
|   1185 |    659 |
|   1186 |   1107 |
|   1187 |    539 |
|   1188 |     60 |
|   1189 |     66 |
|   1190 |    677 |
|   1191 |    852 |
|   1192 |    437 |
|   1193 |    689 |
|   1194 |   1414 |
|   1195 |    121 |
|   1196 |   1186 |
|   1197 |    699 |
|   1198 |    686 |
|   1199 |    350 |
|   1200 |   1070 |
|   1201 |    636 |
|   1202 |   1443 |
|   1203 |    307 |
|   1204 |    937 |
|   1205 |    289 |
|   1206 |    619 |
|   1207 |    896 |
|   1208 |     52 |
|   1209 |   1037 |
|   1210 |   1495 |
|   1211 |    826 |
|   1212 |    505 |
|   1213 |    894 |
|   1214 |    270 |
|   1215 |    994 |
|   1216 |    890 |
|   1217 |   1093 |
|   1218 |    453 |
|   1219 |    140 |
|   1220 |   1497 |
|   1221 |    673 |
|   1222 |    169 |
|   1223 |    868 |
|   1224 |   1319 |
|   1225 |   1144 |
|   1226 |    714 |
|   1227 |    583 |
|   1228 |    547 |
|   1229 |    539 |
|   1230 |    677 |
|   1231 |    308 |
|   1232 |   1353 |
|   1233 |    879 |
|   1234 |    614 |
|   1235 |     82 |
|   1236 |   1127 |
|   1237 |   1041 |
|   1238 |    526 |
|   1239 |    913 |
|   1240 |   1170 |
|   1241 |    543 |
|   1242 |    589 |
|   1243 |    851 |
|   1244 |   1006 |
|   1245 |    777 |
|   1246 |    346 |
|   1247 |   1152 |
|   1248 |    880 |
|   1249 |    283 |
|   1250 |   1398 |
|   1251 |    201 |
|   1252 |   1344 |
|   1253 |    565 |
|   1254 |   1293 |
|   1255 |    886 |
|   1256 |    607 |
|   1257 |    724 |
|   1258 |   1048 |
|   1259 |    201 |
|   1260 |    589 |
|   1261 |    398 |
|   1262 |    376 |
|   1263 |   1355 |
|   1264 |    538 |
|   1265 |    830 |
|   1266 |    259 |
|   1267 |   1298 |
|   1268 |    497 |
|   1269 |    420 |
|   1270 |    794 |
|   1271 |    506 |
|   1272 |   1030 |
|   1273 |    132 |
|   1274 |   1151 |
|   1275 |   1091 |
|   1276 |   1022 |
|   1277 |    158 |
|   1278 |    246 |
|   1279 |    946 |
|   1280 |    282 |
|   1281 |   1121 |
|   1282 |    276 |
|   1283 |    129 |
|   1284 |    776 |
|   1285 |    914 |
|   1286 |    417 |
|   1287 |   1356 |
|   1288 |    423 |
|   1289 |     75 |
|   1290 |    650 |
|   1291 |    479 |
|   1292 |    102 |
|   1293 |     53 |
|   1294 |    824 |
|   1295 |    305 |
|   1296 |    490 |
|   1297 |   1243 |
|   1298 |    778 |
|   1299 |     87 |
|   1300 |    783 |
|   1301 |   1468 |
|   1302 |    927 |
|   1303 |   1209 |
|   1304 |    996 |
|   1305 |    138 |
|   1306 |    137 |
|   1307 |   1350 |
|   1308 |    854 |
|   1309 |   1334 |
|   1310 |    196 |
|   1311 |     72 |
|   1312 |    769 |
|   1313 |   1223 |
|   1314 |   1256 |
|   1315 |   1314 |
|   1316 |   1285 |
|   1317 |   1212 |
|   1318 |   1105 |
|   1319 |     92 |
|   1320 |    628 |
|   1321 |    454 |
|   1322 |    630 |
|   1323 |    509 |
|   1324 |   1296 |
|   1325 |   1494 |
Numerul TOTAL de pagini este 1011494
O TREIME de pagini este reprezentata de 337164
===Rezultatele in cazul unei metode greedy===
Angajatul 1 este responsabil de 336727 pagini.
Angajatul 2 este responsabil de 335976 pagini.
Angajatul 3 este responsabil de 338791 pagini.
===Rezultatele in cazul unei metode de cautare exhaustive===
Angajatul 1 este responsabil de 336727 pagini.
Angajatul 2 este responsabil de 337413 pagini.
Angajatul 3 este responsabil de 337354 pagini.
