Numărul de cărți este 2572

| Cartea | Pagini |
|--------|--------|
|      1 |   1398 |
|      2 |    153 |
|      3 |    468 |
|      4 |    580 |
|      5 |   1276 |
|      6 |    114 |
|      7 |    219 |
|      8 |   1135 |
|      9 |    858 |
|     10 |    809 |
|     11 |    750 |
|     12 |    323 |
|     13 |    383 |
|     14 |    224 |
|     15 |    814 |
|     16 |    806 |
|     17 |   1266 |
|     18 |    436 |
|     19 |    944 |
|     20 |    161 |
|     21 |    404 |
|     22 |    554 |
|     23 |   1197 |
|     24 |    776 |
|     25 |   1087 |
|     26 |   1071 |
|     27 |    231 |
|     28 |    438 |
|     29 |   1157 |
|     30 |   1306 |
|     31 |    401 |
|     32 |    213 |
|     33 |   1270 |
|     34 |    794 |
|     35 |    845 |
|     36 |   1394 |
|     37 |    695 |
|     38 |    339 |
|     39 |    117 |
|     40 |    847 |
|     41 |    142 |
|     42 |    368 |
|     43 |   1231 |
|     44 |    828 |
|     45 |    722 |
|     46 |    943 |
|     47 |    139 |
|     48 |    684 |
|     49 |   1497 |
|     50 |    644 |
|     51 |    844 |
|     52 |   1417 |
|     53 |    116 |
|     54 |   1095 |
|     55 |    605 |
|     56 |    269 |
|     57 |    562 |
|     58 |    245 |
|     59 |    814 |
|     60 |    160 |
|     61 |    896 |
|     62 |    617 |
|     63 |    851 |
|     64 |    509 |
|     65 |   1206 |
|     66 |    667 |
|     67 |    617 |
|     68 |    961 |
|     69 |    788 |
|     70 |   1391 |
|     71 |    681 |
|     72 |     56 |
|     73 |   1082 |
|     74 |    536 |
|     75 |    729 |
|     76 |   1442 |
|     77 |   1383 |
|     78 |     56 |
|     79 |   1019 |
|     80 |    911 |
|     81 |    255 |
|     82 |   1281 |
|     83 |    908 |
|     84 |    377 |
|     85 |    684 |
|     86 |    494 |
|     87 |    809 |
|     88 |    353 |
|     89 |   1092 |
|     90 |   1459 |
|     91 |    718 |
|     92 |   1147 |
|     93 |    889 |
|     94 |    877 |
|     95 |    652 |
|     96 |    238 |
|     97 |    842 |
|     98 |   1338 |
|     99 |    382 |
|    100 |   1127 |
|    101 |    828 |
|    102 |    119 |
|    103 |   1463 |
|    104 |     71 |
|    105 |    446 |
|    106 |    570 |
|    107 |    256 |
|    108 |   1069 |
|    109 |    109 |
|    110 |    670 |
|    111 |   1124 |
|    112 |    331 |
|    113 |    837 |
|    114 |    507 |
|    115 |    524 |
|    116 |    959 |
|    117 |   1290 |
|    118 |    445 |
|    119 |   1461 |
|    120 |    772 |
|    121 |    705 |
|    122 |    226 |
|    123 |    551 |
|    124 |   1143 |
|    125 |    234 |
|    126 |    707 |
|    127 |    652 |
|    128 |    103 |
|    129 |   1171 |
|    130 |    735 |
|    131 |    143 |
|    132 |   1334 |
|    133 |   1079 |
|    134 |    426 |
|    135 |    263 |
|    136 |    444 |
|    137 |    921 |
|    138 |    802 |
|    139 |   1428 |
|    140 |     88 |
|    141 |    409 |
|    142 |    197 |
|    143 |    779 |
|    144 |    264 |
|    145 |    922 |
|    146 |    335 |
|    147 |    358 |
|    148 |   1390 |
|    149 |    549 |
|    150 |   1065 |
|    151 |    322 |
|    152 |   1122 |
|    153 |    259 |
|    154 |    959 |
|    155 |   1415 |
|    156 |   1375 |
|    157 |    923 |
|    158 |    373 |
|    159 |    358 |
|    160 |   1165 |
|    161 |   1251 |
|    162 |   1206 |
|    163 |    289 |
|    164 |    249 |
|    165 |    434 |
|    166 |    455 |
|    167 |    350 |
|    168 |    720 |
|    169 |   1174 |
|    170 |    724 |
|    171 |   1338 |
|    172 |   1279 |
|    173 |    869 |
|    174 |    889 |
|    175 |    874 |
|    176 |    220 |
|    177 |     56 |
|    178 |    932 |
|    179 |   1441 |
|    180 |    522 |
|    181 |    115 |
|    182 |   1397 |
|    183 |    969 |
|    184 |    896 |
|    185 |    240 |
|    186 |    467 |
|    187 |   1110 |
|    188 |   1390 |
|    189 |    191 |
|    190 |   1166 |
|    191 |    524 |
|    192 |    196 |
|    193 |    658 |
|    194 |    313 |
|    195 |   1223 |
|    196 |   1172 |
|    197 |    331 |
|    198 |    161 |
|    199 |   1203 |
|    200 |   1037 |
|    201 |    479 |
|    202 |   1466 |
|    203 |    210 |
|    204 |    227 |
|    205 |    343 |
|    206 |   1249 |
|    207 |   1157 |
|    208 |    827 |
|    209 |    887 |
|    210 |   1106 |
|    211 |   1225 |
|    212 |   1071 |
|    213 |    501 |
|    214 |    343 |
|    215 |    177 |
|    216 |    660 |
|    217 |    456 |
|    218 |   1135 |
|    219 |   1112 |
|    220 |    334 |
|    221 |    513 |
|    222 |   1119 |
|    223 |    822 |
|    224 |   1100 |
|    225 |    346 |
|    226 |    492 |
|    227 |    600 |
|    228 |   1395 |
|    229 |   1189 |
|    230 |   1216 |
|    231 |    205 |
|    232 |    825 |
|    233 |    744 |
|    234 |    900 |
|    235 |    858 |
|    236 |   1038 |
|    237 |    753 |
|    238 |    993 |
|    239 |   1062 |
|    240 |    449 |
|    241 |   1450 |
|    242 |   1100 |
|    243 |   1482 |
|    244 |    256 |
|    245 |   1188 |
|    246 |    994 |
|    247 |    567 |
|    248 |   1111 |
|    249 |    134 |
|    250 |    689 |
|    251 |    843 |
|    252 |   1452 |
|    253 |    894 |
|    254 |   1373 |
|    255 |    440 |
|    256 |    348 |
|    257 |   1025 |
|    258 |    916 |
|    259 |    420 |
|    260 |    215 |
|    261 |    834 |
|    262 |    731 |
|    263 |   1020 |
|    264 |    536 |
|    265 |    401 |
|    266 |    817 |
|    267 |    449 |
|    268 |   1126 |
|    269 |    763 |
|    270 |   1207 |
|    271 |    122 |
|    272 |    527 |
|    273 |    726 |
|    274 |    357 |
|    275 |     84 |
|    276 |    500 |
|    277 |    580 |
|    278 |   1304 |
|    279 |   1007 |
|    280 |    465 |
|    281 |    993 |
|    282 |   1152 |
|    283 |    271 |
|    284 |    747 |
|    285 |    136 |
|    286 |    236 |
|    287 |   1194 |
|    288 |   1495 |
|    289 |   1215 |
|    290 |    503 |
|    291 |   1026 |
|    292 |     86 |
|    293 |    190 |
|    294 |    282 |
|    295 |    706 |
|    296 |    163 |
|    297 |    306 |
|    298 |    682 |
|    299 |    709 |
|    300 |    846 |
|    301 |   1478 |
|    302 |    238 |
|    303 |    401 |
|    304 |    413 |
|    305 |   1059 |
|    306 |   1131 |
|    307 |    949 |
|    308 |   1380 |
|    309 |    644 |
|    310 |    446 |
|    311 |    671 |
|    312 |    678 |
|    313 |    293 |
|    314 |    132 |
|    315 |   1299 |
|    316 |   1355 |
|    317 |    482 |
|    318 |    382 |
|    319 |    714 |
|    320 |   1390 |
|    321 |    602 |
|    322 |   1076 |
|    323 |    411 |
|    324 |    804 |
|    325 |    127 |
|    326 |   1239 |
|    327 |   1396 |
|    328 |    993 |
|    329 |    202 |
|    330 |   1309 |
|    331 |    909 |
|    332 |    234 |
|    333 |    521 |
|    334 |    667 |
|    335 |    663 |
|    336 |    484 |
|    337 |    603 |
|    338 |    962 |
|    339 |   1372 |
|    340 |    885 |
|    341 |    318 |
|    342 |    171 |
|    343 |   1433 |
|    344 |   1255 |
|    345 |    342 |
|    346 |    398 |
|    347 |    424 |
|    348 |    670 |
|    349 |   1273 |
|    350 |   1048 |
|    351 |    891 |
|    352 |    509 |
|    353 |   1315 |
|    354 |    830 |
|    355 |   1183 |
|    356 |    674 |
|    357 |   1357 |
|    358 |    349 |
|    359 |    118 |
|    360 |    699 |
|    361 |   1403 |
|    362 |    944 |
|    363 |    636 |
|    364 |    356 |
|    365 |    332 |
|    366 |    200 |
|    367 |    419 |
|    368 |    435 |
|    369 |   1296 |
|    370 |    980 |
|    371 |   1147 |
|    372 |    818 |
|    373 |    987 |
|    374 |   1030 |
|    375 |     99 |
|    376 |   1001 |
|    377 |   1464 |
|    378 |    368 |
|    379 |    277 |
|    380 |   1105 |
|    381 |    653 |
|    382 |   1458 |
|    383 |    491 |
|    384 |    593 |
|    385 |    174 |
|    386 |   1189 |
|    387 |   1434 |
|    388 |    799 |
|    389 |    507 |
|    390 |   1285 |
|    391 |    716 |
|    392 |    429 |
|    393 |    789 |
|    394 |   1472 |
|    395 |    212 |
|    396 |    274 |
|    397 |   1147 |
|    398 |    362 |
|    399 |    420 |
|    400 |    671 |
|    401 |    658 |
|    402 |    337 |
|    403 |   1381 |
|    404 |   1038 |
|    405 |   1406 |
|    406 |    211 |
|    407 |   1414 |
|    408 |    595 |
|    409 |    839 |
|    410 |   1070 |
|    411 |    482 |
|    412 |   1081 |
|    413 |    117 |
|    414 |   1415 |
|    415 |    155 |
|    416 |    137 |
|    417 |   1471 |
|    418 |   1096 |
|    419 |   1114 |
|    420 |    258 |
|    421 |    919 |
|    422 |   1421 |
|    423 |    854 |
|    424 |    906 |
|    425 |    884 |
|    426 |    577 |
|    427 |    430 |
|    428 |    373 |
|    429 |    876 |
|    430 |    335 |
|    431 |    637 |
|    432 |   1488 |
|    433 |   1469 |
|    434 |    785 |
|    435 |    907 |
|    436 |   1242 |
|    437 |    781 |
|    438 |   1165 |
|    439 |    515 |
|    440 |   1121 |
|    441 |     89 |
|    442 |    856 |
|    443 |   1188 |
|    444 |   1383 |
|    445 |   1386 |
|    446 |    596 |
|    447 |    650 |
|    448 |   1143 |
|    449 |   1289 |
|    450 |    504 |
|    451 |    383 |
|    452 |   1343 |
|    453 |    523 |
|    454 |   1253 |
|    455 |   1145 |
|    456 |   1434 |
|    457 |    229 |
|    458 |    162 |
|    459 |    658 |
|    460 |   1402 |
|    461 |   1105 |
|    462 |    688 |
|    463 |    674 |
|    464 |    753 |
|    465 |    332 |
|    466 |     55 |
|    467 |    784 |
|    468 |    657 |
|    469 |   1170 |
|    470 |    213 |
|    471 |   1000 |
|    472 |    819 |
|    473 |    528 |
|    474 |    959 |
|    475 |   1335 |
|    476 |   1338 |
|    477 |   1107 |
|    478 |    486 |
|    479 |    991 |
|    480 |    872 |
|    481 |    475 |
|    482 |   1175 |
|    483 |   1399 |
|    484 |    279 |
|    485 |     89 |
|    486 |    392 |
|    487 |   1346 |
|    488 |   1403 |
|    489 |    101 |
|    490 |    116 |
|    491 |    532 |
|    492 |   1298 |
|    493 |    479 |
|    494 |    270 |
|    495 |   1452 |
|    496 |    177 |
|    497 |     97 |
|    498 |   1382 |
|    499 |    624 |
|    500 |    247 |
|    501 |   1477 |
|    502 |    541 |
|    503 |    474 |
|    504 |    263 |
|    505 |    234 |
|    506 |    954 |
|    507 |    328 |
|    508 |   1141 |
|    509 |    999 |
|    510 |   1269 |
|    511 |   1091 |
|    512 |    224 |
|    513 |    871 |
|    514 |    123 |
|    515 |    428 |
|    516 |    487 |
|    517 |    928 |
|    518 |    571 |
|    519 |    393 |
|    520 |   1338 |
|    521 |    439 |
|    522 |   1018 |
|    523 |   1061 |
|    524 |    517 |
|    525 |   1252 |
|    526 |    876 |
|    527 |   1120 |
|    528 |   1128 |
|    529 |   1253 |
|    530 |    345 |
|    531 |    685 |
|    532 |   1316 |
|    533 |    158 |
|    534 |    581 |
|    535 |    260 |
|    536 |    317 |
|    537 |    687 |
|    538 |     50 |
|    539 |   1047 |
|    540 |   1390 |
|    541 |    362 |
|    542 |    623 |
|    543 |    356 |
|    544 |    142 |
|    545 |    474 |
|    546 |   1457 |
|    547 |   1336 |
|    548 |   1014 |
|    549 |    641 |
|    550 |    869 |
|    551 |    719 |
|    552 |   1429 |
|    553 |    514 |
|    554 |    611 |
|    555 |   1374 |
|    556 |    517 |
|    557 |    652 |
|    558 |    905 |
|    559 |    173 |
|    560 |    902 |
|    561 |    826 |
|    562 |   1157 |
|    563 |    628 |
|    564 |   1500 |
|    565 |    612 |
|    566 |    887 |
|    567 |    946 |
|    568 |     90 |
|    569 |   1354 |
|    570 |    217 |
|    571 |    588 |
|    572 |    257 |
|    573 |   1249 |
|    574 |    648 |
|    575 |    909 |
|    576 |    346 |
|    577 |    113 |
|    578 |    953 |
|    579 |    443 |
|    580 |    730 |
|    581 |   1012 |
|    582 |    180 |
|    583 |    894 |
|    584 |    710 |
|    585 |   1155 |
|    586 |    473 |
|    587 |     71 |
|    588 |   1268 |
|    589 |    208 |
|    590 |    692 |
|    591 |    897 |
|    592 |   1021 |
|    593 |    613 |
|    594 |    260 |
|    595 |    708 |
|    596 |    260 |
|    597 |    317 |
|    598 |    531 |
|    599 |   1116 |
|    600 |   1074 |
|    601 |   1255 |
|    602 |    308 |
|    603 |    522 |
|    604 |    840 |
|    605 |   1042 |
|    606 |    409 |
|    607 |    667 |
|    608 |   1105 |
|    609 |   1217 |
|    610 |    739 |
|    611 |    469 |
|    612 |   1489 |
|    613 |    273 |
|    614 |    939 |
|    615 |    819 |
|    616 |    166 |
|    617 |   1191 |
|    618 |   1386 |
|    619 |    386 |
|    620 |    954 |
|    621 |   1134 |
|    622 |    115 |
|    623 |   1119 |
|    624 |   1455 |
|    625 |   1498 |
|    626 |    364 |
|    627 |    409 |
|    628 |    258 |
|    629 |   1013 |
|    630 |    814 |
|    631 |   1456 |
|    632 |    223 |
|    633 |    866 |
|    634 |    115 |
|    635 |    583 |
|    636 |    635 |
|    637 |   1094 |
|    638 |    332 |
|    639 |    997 |
|    640 |    375 |
|    641 |    406 |
|    642 |    787 |
|    643 |   1330 |
|    644 |    726 |
|    645 |   1007 |
|    646 |   1494 |
|    647 |   1109 |
|    648 |    308 |
|    649 |    142 |
|    650 |    379 |
|    651 |   1270 |
|    652 |    641 |
|    653 |    730 |
|    654 |    914 |
|    655 |    509 |
|    656 |    580 |
|    657 |   1206 |
|    658 |    669 |
|    659 |    256 |
|    660 |    237 |
|    661 |    256 |
|    662 |   1334 |
|    663 |    581 |
|    664 |    600 |
|    665 |   1193 |
|    666 |    280 |
|    667 |   1060 |
|    668 |    658 |
|    669 |   1491 |
|    670 |   1161 |
|    671 |   1423 |
|    672 |     73 |
|    673 |    474 |
|    674 |   1224 |
|    675 |    738 |
|    676 |    562 |
|    677 |   1303 |
|    678 |    678 |
|    679 |    979 |
|    680 |   1210 |
|    681 |    793 |
|    682 |    791 |
|    683 |     58 |
|    684 |    861 |
|    685 |    138 |
|    686 |    564 |
|    687 |   1351 |
|    688 |    890 |
|    689 |    916 |
|    690 |    817 |
|    691 |    987 |
|    692 |   1421 |
|    693 |    548 |
|    694 |   1092 |
|    695 |    124 |
|    696 |    515 |
|    697 |   1239 |
|    698 |    863 |
|    699 |   1495 |
|    700 |   1142 |
|    701 |    247 |
|    702 |    218 |
|    703 |    802 |
|    704 |    793 |
|    705 |   1135 |
|    706 |    428 |
|    707 |    571 |
|    708 |    852 |
|    709 |    538 |
|    710 |    293 |
|    711 |   1458 |
|    712 |   1004 |
|    713 |    448 |
|    714 |    310 |
|    715 |    305 |
|    716 |    343 |
|    717 |    860 |
|    718 |    396 |
|    719 |   1059 |
|    720 |    417 |
|    721 |    409 |
|    722 |   1140 |
|    723 |    827 |
|    724 |    567 |
|    725 |   1304 |
|    726 |    629 |
|    727 |    579 |
|    728 |     66 |
|    729 |    382 |
|    730 |   1256 |
|    731 |    873 |
|    732 |    548 |
|    733 |    818 |
|    734 |    953 |
|    735 |    213 |
|    736 |    343 |
|    737 |    489 |
|    738 |    608 |
|    739 |   1215 |
|    740 |   1334 |
|    741 |   1357 |
|    742 |    153 |
|    743 |   1036 |
|    744 |    358 |
|    745 |    658 |
|    746 |    887 |
|    747 |    839 |
|    748 |    880 |
|    749 |    992 |
|    750 |    560 |
|    751 |    839 |
|    752 |    223 |
|    753 |   1052 |
|    754 |   1241 |
|    755 |   1490 |
|    756 |   1479 |
|    757 |   1199 |
|    758 |    425 |
|    759 |    896 |
|    760 |   1338 |
|    761 |    281 |
|    762 |    723 |
|    763 |   1188 |
|    764 |    987 |
|    765 |     89 |
|    766 |   1176 |
|    767 |    562 |
|    768 |    800 |
|    769 |    907 |
|    770 |    432 |
|    771 |    280 |
|    772 |    671 |
|    773 |    832 |
|    774 |    466 |
|    775 |   1197 |
|    776 |    447 |
|    777 |   1374 |
|    778 |   1328 |
|    779 |   1335 |
|    780 |   1086 |
|    781 |   1348 |
|    782 |   1364 |
|    783 |    711 |
|    784 |    232 |
|    785 |    836 |
|    786 |    861 |
|    787 |    577 |
|    788 |   1126 |
|    789 |   1286 |
|    790 |    427 |
|    791 |    594 |
|    792 |     79 |
|    793 |     65 |
|    794 |    890 |
|    795 |   1038 |
|    796 |    160 |
|    797 |   1139 |
|    798 |    426 |
|    799 |    622 |
|    800 |    863 |
|    801 |   1384 |
|    802 |     92 |
|    803 |    266 |
|    804 |   1232 |
|    805 |    917 |
|    806 |    498 |
|    807 |    415 |
|    808 |   1185 |
|    809 |    338 |
|    810 |   1297 |
|    811 |   1143 |
|    812 |    219 |
|    813 |   1263 |
|    814 |   1074 |
|    815 |    990 |
|    816 |    535 |
|    817 |    305 |
|    818 |    405 |
|    819 |    224 |
|    820 |    289 |
|    821 |   1483 |
|    822 |    951 |
|    823 |    254 |
|    824 |    191 |
|    825 |    100 |
|    826 |    481 |
|    827 |   1334 |
|    828 |    630 |
|    829 |    492 |
|    830 |    505 |
|    831 |    290 |
|    832 |    495 |
|    833 |   1038 |
|    834 |    574 |
|    835 |    146 |
|    836 |   1020 |
|    837 |    955 |
|    838 |   1124 |
|    839 |    277 |
|    840 |    995 |
|    841 |   1454 |
|    842 |   1076 |
|    843 |   1457 |
|    844 |   1272 |
|    845 |   1251 |
|    846 |   1325 |
|    847 |    214 |
|    848 |   1496 |
|    849 |    696 |
|    850 |    662 |
|    851 |   1073 |
|    852 |    586 |
|    853 |    230 |
|    854 |     85 |
|    855 |    328 |
|    856 |    212 |
|    857 |   1148 |
|    858 |    111 |
|    859 |   1391 |
|    860 |   1029 |
|    861 |    898 |
|    862 |    483 |
|    863 |    119 |
|    864 |   1137 |
|    865 |   1346 |
|    866 |    634 |
|    867 |   1372 |
|    868 |    719 |
|    869 |   1471 |
|    870 |    997 |
|    871 |    823 |
|    872 |    182 |
|    873 |   1388 |
|    874 |    371 |
|    875 |     82 |
|    876 |    555 |
|    877 |    581 |
|    878 |    764 |
|    879 |   1309 |
|    880 |    752 |
|    881 |    820 |
|    882 |   1287 |
|    883 |   1180 |
|    884 |    407 |
|    885 |    156 |
|    886 |    832 |
|    887 |    686 |
|    888 |    814 |
|    889 |    900 |
|    890 |   1119 |
|    891 |    683 |
|    892 |   1005 |
|    893 |   1066 |
|    894 |    431 |
|    895 |   1258 |
|    896 |    623 |
|    897 |    374 |
|    898 |   1395 |
|    899 |   1053 |
|    900 |    179 |
|    901 |    328 |
|    902 |    355 |
|    903 |   1482 |
|    904 |   1024 |
|    905 |    517 |
|    906 |   1476 |
|    907 |   1144 |
|    908 |    350 |
|    909 |   1472 |
|    910 |    862 |
|    911 |    216 |
|    912 |     87 |
|    913 |   1274 |
|    914 |    181 |
|    915 |    740 |
|    916 |   1374 |
|    917 |    289 |
|    918 |   1063 |
|    919 |    836 |
|    920 |    837 |
|    921 |    203 |
|    922 |   1357 |
|    923 |   1301 |
|    924 |    746 |
|    925 |    653 |
|    926 |    346 |
|    927 |     69 |
|    928 |    123 |
|    929 |    915 |
|    930 |    392 |
|    931 |    178 |
|    932 |   1011 |
|    933 |    565 |
|    934 |    413 |
|    935 |    537 |
|    936 |    228 |
|    937 |    220 |
|    938 |    562 |
|    939 |    597 |
|    940 |   1396 |
|    941 |   1307 |
|    942 |    685 |
|    943 |    635 |
|    944 |   1073 |
|    945 |    284 |
|    946 |   1444 |
|    947 |     67 |
|    948 |    238 |
|    949 |    229 |
|    950 |    847 |
|    951 |    991 |
|    952 |    899 |
|    953 |    775 |
|    954 |    996 |
|    955 |    735 |
|    956 |   1428 |
|    957 |   1341 |
|    958 |    850 |
|    959 |   1401 |
|    960 |   1296 |
|    961 |    887 |
|    962 |   1375 |
|    963 |    277 |
|    964 |    819 |
|    965 |    311 |
|    966 |    133 |
|    967 |    418 |
|    968 |    327 |
|    969 |   1051 |
|    970 |    951 |
|    971 |    184 |
|    972 |   1403 |
|    973 |    980 |
|    974 |   1118 |
|    975 |   1415 |
|    976 |   1498 |
|    977 |   1157 |
|    978 |   1199 |
|    979 |     83 |
|    980 |    975 |
|    981 |   1373 |
|    982 |    882 |
|    983 |    945 |
|    984 |    813 |
|    985 |    760 |
|    986 |    649 |
|    987 |   1025 |
|    988 |     73 |
|    989 |    764 |
|    990 |   1315 |
|    991 |    687 |
|    992 |    633 |
|    993 |    750 |
|    994 |   1062 |
|    995 |    454 |
|    996 |   1233 |
|    997 |    851 |
|    998 |   1170 |
|    999 |    809 |
|   1000 |    598 |
|   1001 |    950 |
|   1002 |    830 |
|   1003 |    323 |
|   1004 |   1349 |
|   1005 |    551 |
|   1006 |    450 |
|   1007 |   1484 |
|   1008 |   1474 |
|   1009 |    523 |
|   1010 |   1424 |
|   1011 |    316 |
|   1012 |    440 |
|   1013 |   1025 |
|   1014 |    965 |
|   1015 |    338 |
|   1016 |    567 |
|   1017 |    519 |
|   1018 |   1361 |
|   1019 |   1229 |
|   1020 |    668 |
|   1021 |   1275 |
|   1022 |   1254 |
|   1023 |     81 |
|   1024 |    178 |
|   1025 |    807 |
|   1026 |    220 |
|   1027 |   1104 |
|   1028 |    889 |
|   1029 |     66 |
|   1030 |   1193 |
|   1031 |    597 |
|   1032 |    666 |
|   1033 |   1261 |
|   1034 |    232 |
|   1035 |    136 |
|   1036 |    528 |
|   1037 |    619 |
|   1038 |    586 |
|   1039 |   1158 |
|   1040 |    891 |
|   1041 |    301 |
|   1042 |     86 |
|   1043 |    447 |
|   1044 |    603 |
|   1045 |   1124 |
|   1046 |   1473 |
|   1047 |    529 |
|   1048 |    370 |
|   1049 |    557 |
|   1050 |    187 |
|   1051 |    262 |
|   1052 |    741 |
|   1053 |   1458 |
|   1054 |    271 |
|   1055 |    929 |
|   1056 |    871 |
|   1057 |   1339 |
|   1058 |    454 |
|   1059 |    191 |
|   1060 |    417 |
|   1061 |   1182 |
|   1062 |   1490 |
|   1063 |    188 |
|   1064 |   1338 |
|   1065 |    172 |
|   1066 |    620 |
|   1067 |    224 |
|   1068 |    225 |
|   1069 |    638 |
|   1070 |   1253 |
|   1071 |    365 |
|   1072 |   1064 |
|   1073 |   1492 |
|   1074 |   1338 |
|   1075 |   1194 |
|   1076 |    790 |
|   1077 |    112 |
|   1078 |    937 |
|   1079 |    495 |
|   1080 |    395 |
|   1081 |    982 |
|   1082 |    164 |
|   1083 |    103 |
|   1084 |    720 |
|   1085 |   1369 |
|   1086 |   1380 |
|   1087 |    960 |
|   1088 |    487 |
|   1089 |    724 |
|   1090 |   1229 |
|   1091 |    358 |
|   1092 |    895 |
|   1093 |    581 |
|   1094 |    974 |
|   1095 |     99 |
|   1096 |    449 |
|   1097 |   1146 |
|   1098 |   1466 |
|   1099 |    212 |
|   1100 |    580 |
|   1101 |    413 |
|   1102 |   1390 |
|   1103 |     82 |
|   1104 |    211 |
|   1105 |    829 |
|   1106 |   1290 |
|   1107 |    224 |
|   1108 |   1223 |
|   1109 |   1008 |
|   1110 |   1411 |
|   1111 |    892 |
|   1112 |     52 |
|   1113 |    391 |
|   1114 |    712 |
|   1115 |    915 |
|   1116 |   1137 |
|   1117 |    301 |
|   1118 |   1254 |
|   1119 |   1198 |
|   1120 |   1122 |
|   1121 |    677 |
|   1122 |   1008 |
|   1123 |   1417 |
|   1124 |   1267 |
|   1125 |    647 |
|   1126 |    813 |
|   1127 |    862 |
|   1128 |    490 |
|   1129 |   1011 |
|   1130 |   1361 |
|   1131 |   1192 |
|   1132 |   1164 |
|   1133 |    369 |
|   1134 |    251 |
|   1135 |    232 |
|   1136 |    236 |
|   1137 |    885 |
|   1138 |   1149 |
|   1139 |     55 |
|   1140 |    370 |
|   1141 |    758 |
|   1142 |    249 |
|   1143 |    815 |
|   1144 |    971 |
|   1145 |    929 |
|   1146 |    522 |
|   1147 |    852 |
|   1148 |    763 |
|   1149 |    407 |
|   1150 |   1019 |
|   1151 |    150 |
|   1152 |    722 |
|   1153 |    828 |
|   1154 |    983 |
|   1155 |    397 |
|   1156 |    292 |
|   1157 |    500 |
|   1158 |    668 |
|   1159 |   1224 |
|   1160 |   1163 |
|   1161 |    308 |
|   1162 |    625 |
|   1163 |    396 |
|   1164 |   1046 |
|   1165 |     54 |
|   1166 |    632 |
|   1167 |   1052 |
|   1168 |    691 |
|   1169 |   1142 |
|   1170 |   1133 |
|   1171 |    356 |
|   1172 |   1404 |
|   1173 |    932 |
|   1174 |    681 |
|   1175 |    864 |
|   1176 |    874 |
|   1177 |    359 |
|   1178 |   1374 |
|   1179 |    571 |
|   1180 |    193 |
|   1181 |    451 |
|   1182 |   1105 |
|   1183 |    887 |
|   1184 |    828 |
|   1185 |   1478 |
|   1186 |   1315 |
|   1187 |    874 |
|   1188 |   1088 |
|   1189 |    786 |
|   1190 |   1041 |
|   1191 |    780 |
|   1192 |   1025 |
|   1193 |   1254 |
|   1194 |    269 |
|   1195 |   1470 |
|   1196 |   1098 |
|   1197 |   1093 |
|   1198 |   1438 |
|   1199 |    340 |
|   1200 |   1296 |
|   1201 |   1442 |
|   1202 |    638 |
|   1203 |    400 |
|   1204 |   1122 |
|   1205 |    190 |
|   1206 |   1009 |
|   1207 |   1115 |
|   1208 |    713 |
|   1209 |    748 |
|   1210 |    265 |
|   1211 |    731 |
|   1212 |    330 |
|   1213 |    853 |
|   1214 |   1044 |
|   1215 |    315 |
|   1216 |     97 |
|   1217 |    551 |
|   1218 |    353 |
|   1219 |    557 |
|   1220 |     84 |
|   1221 |   1384 |
|   1222 |   1033 |
|   1223 |    362 |
|   1224 |    349 |
|   1225 |    345 |
|   1226 |   1318 |
|   1227 |    424 |
|   1228 |    741 |
|   1229 |   1127 |
|   1230 |    812 |
|   1231 |   1390 |
|   1232 |    673 |
|   1233 |    694 |
|   1234 |    996 |
|   1235 |   1131 |
|   1236 |    794 |
|   1237 |   1431 |
|   1238 |    848 |
|   1239 |   1386 |
|   1240 |   1065 |
|   1241 |   1456 |
|   1242 |   1423 |
|   1243 |    825 |
|   1244 |   1238 |
|   1245 |   1478 |
|   1246 |   1209 |
|   1247 |   1374 |
|   1248 |    559 |
|   1249 |   1091 |
|   1250 |   1089 |
|   1251 |   1244 |
|   1252 |    115 |
|   1253 |   1302 |
|   1254 |    669 |
|   1255 |    900 |
|   1256 |   1363 |
|   1257 |    161 |
|   1258 |   1008 |
|   1259 |    643 |
|   1260 |    611 |
|   1261 |   1328 |
|   1262 |    652 |
|   1263 |    236 |
|   1264 |    367 |
|   1265 |    457 |
|   1266 |    647 |
|   1267 |   1374 |
|   1268 |   1061 |
|   1269 |    100 |
|   1270 |    698 |
|   1271 |    511 |
|   1272 |    716 |
|   1273 |    864 |
|   1274 |   1391 |
|   1275 |    581 |
|   1276 |    163 |
|   1277 |    794 |
|   1278 |    699 |
|   1279 |   1357 |
|   1280 |   1463 |
|   1281 |   1296 |
|   1282 |    782 |
|   1283 |   1049 |
|   1284 |   1334 |
|   1285 |    604 |
|   1286 |   1295 |
|   1287 |    159 |
|   1288 |   1404 |
|   1289 |   1422 |
|   1290 |    729 |
|   1291 |    731 |
|   1292 |    867 |
|   1293 |   1257 |
|   1294 |    611 |
|   1295 |   1111 |
|   1296 |   1072 |
|   1297 |   1198 |
|   1298 |    860 |
|   1299 |   1240 |
|   1300 |    339 |
|   1301 |    731 |
|   1302 |    853 |
|   1303 |    167 |
|   1304 |   1223 |
|   1305 |   1379 |
|   1306 |   1201 |
|   1307 |   1037 |
|   1308 |    763 |
|   1309 |    963 |
|   1310 |    867 |
|   1311 |    373 |
|   1312 |   1006 |
|   1313 |   1272 |
|   1314 |   1152 |
|   1315 |    241 |
|   1316 |   1171 |
|   1317 |   1352 |
|   1318 |     65 |
|   1319 |   1351 |
|   1320 |    210 |
|   1321 |    182 |
|   1322 |   1136 |
|   1323 |    266 |
|   1324 |   1020 |
|   1325 |    790 |
|   1326 |    274 |
|   1327 |   1070 |
|   1328 |   1350 |
|   1329 |    614 |
|   1330 |   1186 |
|   1331 |   1495 |
|   1332 |    432 |
|   1333 |    719 |
|   1334 |   1198 |
|   1335 |    490 |
|   1336 |    809 |
|   1337 |   1270 |
|   1338 |   1181 |
|   1339 |    268 |
|   1340 |    726 |
|   1341 |    411 |
|   1342 |   1015 |
|   1343 |    914 |
|   1344 |    942 |
|   1345 |    321 |
|   1346 |    487 |
|   1347 |    582 |
|   1348 |    263 |
|   1349 |    326 |
|   1350 |   1384 |
|   1351 |   1431 |
|   1352 |    464 |
|   1353 |    884 |
|   1354 |    249 |
|   1355 |    450 |
|   1356 |   1464 |
|   1357 |    331 |
|   1358 |   1300 |
|   1359 |   1103 |
|   1360 |    715 |
|   1361 |    945 |
|   1362 |   1188 |
|   1363 |    998 |
|   1364 |    674 |
|   1365 |    536 |
|   1366 |    418 |
|   1367 |    674 |
|   1368 |   1382 |
|   1369 |    499 |
|   1370 |    429 |
|   1371 |   1026 |
|   1372 |    314 |
|   1373 |    320 |
|   1374 |    390 |
|   1375 |    194 |
|   1376 |   1066 |
|   1377 |   1416 |
|   1378 |    411 |
|   1379 |   1254 |
|   1380 |    560 |
|   1381 |    156 |
|   1382 |   1248 |
|   1383 |    907 |
|   1384 |    347 |
|   1385 |    454 |
|   1386 |    499 |
|   1387 |    804 |
|   1388 |   1268 |
|   1389 |   1013 |
|   1390 |     67 |
|   1391 |    726 |
|   1392 |    483 |
|   1393 |   1279 |
|   1394 |    540 |
|   1395 |    632 |
|   1396 |   1464 |
|   1397 |     94 |
|   1398 |    127 |
|   1399 |    180 |
|   1400 |    753 |
|   1401 |   1086 |
|   1402 |    736 |
|   1403 |   1346 |
|   1404 |   1010 |
|   1405 |   1430 |
|   1406 |   1432 |
|   1407 |    872 |
|   1408 |    175 |
|   1409 |    236 |
|   1410 |    804 |
|   1411 |   1156 |
|   1412 |   1317 |
|   1413 |    599 |
|   1414 |    154 |
|   1415 |    968 |
|   1416 |    329 |
|   1417 |   1201 |
|   1418 |    393 |
|   1419 |    225 |
|   1420 |   1158 |
|   1421 |   1436 |
|   1422 |    619 |
|   1423 |   1318 |
|   1424 |    936 |
|   1425 |   1277 |
|   1426 |    589 |
|   1427 |    382 |
|   1428 |    262 |
|   1429 |     74 |
|   1430 |    803 |
|   1431 |   1260 |
|   1432 |    604 |
|   1433 |   1106 |
|   1434 |   1204 |
|   1435 |    529 |
|   1436 |    808 |
|   1437 |    268 |
|   1438 |   1240 |
|   1439 |    465 |
|   1440 |   1261 |
|   1441 |    701 |
|   1442 |    896 |
|   1443 |     89 |
|   1444 |    321 |
|   1445 |    800 |
|   1446 |    256 |
|   1447 |   1167 |
|   1448 |    548 |
|   1449 |   1173 |
|   1450 |    233 |
|   1451 |    594 |
|   1452 |   1323 |
|   1453 |    564 |
|   1454 |    731 |
|   1455 |    988 |
|   1456 |    171 |
|   1457 |    962 |
|   1458 |    313 |
|   1459 |   1112 |
|   1460 |   1217 |
|   1461 |    165 |
|   1462 |    215 |
|   1463 |    605 |
|   1464 |   1059 |
|   1465 |    537 |
|   1466 |    856 |
|   1467 |   1424 |
|   1468 |    227 |
|   1469 |   1099 |
|   1470 |    208 |
|   1471 |   1081 |
|   1472 |   1306 |
|   1473 |    731 |
|   1474 |   1330 |
|   1475 |   1375 |
|   1476 |   1149 |
|   1477 |    632 |
|   1478 |    579 |
|   1479 |   1472 |
|   1480 |   1115 |
|   1481 |    330 |
|   1482 |   1016 |
|   1483 |   1338 |
|   1484 |    190 |
|   1485 |   1021 |
|   1486 |    835 |
|   1487 |   1036 |
|   1488 |   1334 |
|   1489 |    913 |
|   1490 |   1186 |
|   1491 |    584 |
|   1492 |   1227 |
|   1493 |     96 |
|   1494 |     51 |
|   1495 |   1341 |
|   1496 |    618 |
|   1497 |   1403 |
|   1498 |   1159 |
|   1499 |    352 |
|   1500 |    334 |
|   1501 |    240 |
|   1502 |    972 |
|   1503 |    559 |
|   1504 |   1178 |
|   1505 |    889 |
|   1506 |    227 |
|   1507 |    969 |
|   1508 |    951 |
|   1509 |   1247 |
|   1510 |   1379 |
|   1511 |    810 |
|   1512 |   1183 |
|   1513 |    612 |
|   1514 |   1483 |
|   1515 |   1118 |
|   1516 |   1090 |
|   1517 |    260 |
|   1518 |    830 |
|   1519 |     53 |
|   1520 |    667 |
|   1521 |    363 |
|   1522 |   1033 |
|   1523 |    257 |
|   1524 |    534 |
|   1525 |    557 |
|   1526 |    162 |
|   1527 |    361 |
|   1528 |    713 |
|   1529 |    646 |
|   1530 |    871 |
|   1531 |    750 |
|   1532 |    356 |
|   1533 |    686 |
|   1534 |   1057 |
|   1535 |   1209 |
|   1536 |    166 |
|   1537 |    112 |
|   1538 |    917 |
|   1539 |    107 |
|   1540 |   1056 |
|   1541 |    432 |
|   1542 |   1199 |
|   1543 |   1194 |
|   1544 |   1229 |
|   1545 |    584 |
|   1546 |   1098 |
|   1547 |    370 |
|   1548 |    908 |
|   1549 |     91 |
|   1550 |   1182 |
|   1551 |    746 |
|   1552 |    132 |
|   1553 |    299 |
|   1554 |     97 |
|   1555 |   1109 |
|   1556 |   1403 |
|   1557 |    931 |
|   1558 |    976 |
|   1559 |    178 |
|   1560 |    421 |
|   1561 |    205 |
|   1562 |   1437 |
|   1563 |    340 |
|   1564 |    108 |
|   1565 |    602 |
|   1566 |   1393 |
|   1567 |    369 |
|   1568 |   1172 |
|   1569 |    432 |
|   1570 |    849 |
|   1571 |    505 |
|   1572 |   1057 |
|   1573 |    523 |
|   1574 |   1009 |
|   1575 |    848 |
|   1576 |    330 |
|   1577 |    271 |
|   1578 |   1033 |
|   1579 |    364 |
|   1580 |   1262 |
|   1581 |    876 |
|   1582 |    209 |
|   1583 |   1427 |
|   1584 |    718 |
|   1585 |    361 |
|   1586 |    757 |
|   1587 |    473 |
|   1588 |    629 |
|   1589 |    332 |
|   1590 |    258 |
|   1591 |    354 |
|   1592 |   1330 |
|   1593 |    554 |
|   1594 |    945 |
|   1595 |    993 |
|   1596 |   1410 |
|   1597 |    185 |
|   1598 |   1104 |
|   1599 |   1077 |
|   1600 |   1218 |
|   1601 |   1336 |
|   1602 |    762 |
|   1603 |    603 |
|   1604 |    797 |
|   1605 |   1326 |
|   1606 |   1424 |
|   1607 |    370 |
|   1608 |   1366 |
|   1609 |    526 |
|   1610 |    269 |
|   1611 |   1053 |
|   1612 |   1057 |
|   1613 |    703 |
|   1614 |    537 |
|   1615 |   1358 |
|   1616 |    810 |
|   1617 |    859 |
|   1618 |   1042 |
|   1619 |    398 |
|   1620 |    610 |
|   1621 |    399 |
|   1622 |    841 |
|   1623 |     81 |
|   1624 |    526 |
|   1625 |    251 |
|   1626 |   1430 |
|   1627 |    273 |
|   1628 |    549 |
|   1629 |   1420 |
|   1630 |    685 |
|   1631 |    848 |
|   1632 |   1265 |
|   1633 |     54 |
|   1634 |    224 |
|   1635 |   1281 |
|   1636 |   1419 |
|   1637 |   1351 |
|   1638 |    918 |
|   1639 |    700 |
|   1640 |    182 |
|   1641 |   1099 |
|   1642 |   1115 |
|   1643 |    278 |
|   1644 |    143 |
|   1645 |    990 |
|   1646 |    580 |
|   1647 |    896 |
|   1648 |   1135 |
|   1649 |   1483 |
|   1650 |    715 |
|   1651 |    378 |
|   1652 |    224 |
|   1653 |   1106 |
|   1654 |    775 |
|   1655 |    338 |
|   1656 |    651 |
|   1657 |    870 |
|   1658 |    179 |
|   1659 |     80 |
|   1660 |   1340 |
|   1661 |    621 |
|   1662 |    291 |
|   1663 |    304 |
|   1664 |   1409 |
|   1665 |    890 |
|   1666 |   1405 |
|   1667 |    941 |
|   1668 |    397 |
|   1669 |   1142 |
|   1670 |    216 |
|   1671 |    801 |
|   1672 |   1070 |
|   1673 |    142 |
|   1674 |   1066 |
|   1675 |    196 |
|   1676 |   1482 |
|   1677 |   1162 |
|   1678 |    505 |
|   1679 |    694 |
|   1680 |    599 |
|   1681 |    446 |
|   1682 |    447 |
|   1683 |   1356 |
|   1684 |    596 |
|   1685 |    878 |
|   1686 |    110 |
|   1687 |    935 |
|   1688 |   1132 |
|   1689 |    101 |
|   1690 |    637 |
|   1691 |    589 |
|   1692 |    328 |
|   1693 |    608 |
|   1694 |    931 |
|   1695 |   1339 |
|   1696 |   1014 |
|   1697 |   1074 |
|   1698 |    915 |
|   1699 |    192 |
|   1700 |    872 |
|   1701 |    862 |
|   1702 |   1045 |
|   1703 |   1164 |
|   1704 |   1363 |
|   1705 |    177 |
|   1706 |   1414 |
|   1707 |   1093 |
|   1708 |    791 |
|   1709 |   1417 |
|   1710 |    632 |
|   1711 |     69 |
|   1712 |    976 |
|   1713 |    180 |
|   1714 |   1152 |
|   1715 |    282 |
|   1716 |    254 |
|   1717 |    819 |
|   1718 |    337 |
|   1719 |    432 |
|   1720 |   1205 |
|   1721 |    307 |
|   1722 |    202 |
|   1723 |    649 |
|   1724 |    820 |
|   1725 |   1209 |
|   1726 |   1047 |
|   1727 |    810 |
|   1728 |   1221 |
|   1729 |   1236 |
|   1730 |    444 |
|   1731 |    774 |
|   1732 |   1400 |
|   1733 |   1111 |
|   1734 |    961 |
|   1735 |   1086 |
|   1736 |    607 |
|   1737 |    758 |
|   1738 |    819 |
|   1739 |    595 |
|   1740 |   1089 |
|   1741 |    309 |
|   1742 |   1280 |
|   1743 |    343 |
|   1744 |   1307 |
|   1745 |    467 |
|   1746 |     73 |
|   1747 |   1068 |
|   1748 |    704 |
|   1749 |   1280 |
|   1750 |    526 |
|   1751 |    837 |
|   1752 |   1401 |
|   1753 |    835 |
|   1754 |    722 |
|   1755 |    764 |
|   1756 |    727 |
|   1757 |   1460 |
|   1758 |    155 |
|   1759 |   1270 |
|   1760 |   1282 |
|   1761 |    854 |
|   1762 |   1098 |
|   1763 |     99 |
|   1764 |   1280 |
|   1765 |   1114 |
|   1766 |   1021 |
|   1767 |    627 |
|   1768 |    126 |
|   1769 |   1453 |
|   1770 |   1436 |
|   1771 |   1047 |
|   1772 |   1429 |
|   1773 |    675 |
|   1774 |   1158 |
|   1775 |   1043 |
|   1776 |    504 |
|   1777 |    801 |
|   1778 |   1337 |
|   1779 |    299 |
|   1780 |    377 |
|   1781 |    726 |
|   1782 |    743 |
|   1783 |   1280 |
|   1784 |    541 |
|   1785 |   1045 |
|   1786 |   1044 |
|   1787 |    968 |
|   1788 |   1390 |
|   1789 |   1399 |
|   1790 |    312 |
|   1791 |     75 |
|   1792 |    734 |
|   1793 |    209 |
|   1794 |   1006 |
|   1795 |    470 |
|   1796 |    335 |
|   1797 |   1119 |
|   1798 |    526 |
|   1799 |    726 |
|   1800 |    418 |
|   1801 |   1264 |
|   1802 |    392 |
|   1803 |    145 |
|   1804 |    682 |
|   1805 |   1111 |
|   1806 |     69 |
|   1807 |   1119 |
|   1808 |   1285 |
|   1809 |    822 |
|   1810 |    698 |
|   1811 |   1045 |
|   1812 |   1268 |
|   1813 |   1400 |
|   1814 |    777 |
|   1815 |     70 |
|   1816 |    509 |
|   1817 |    950 |
|   1818 |    145 |
|   1819 |    568 |
|   1820 |    783 |
|   1821 |    175 |
|   1822 |    289 |
|   1823 |    208 |
|   1824 |    460 |
|   1825 |   1227 |
|   1826 |   1496 |
|   1827 |   1155 |
|   1828 |    556 |
|   1829 |    517 |
|   1830 |    436 |
|   1831 |    695 |
|   1832 |    963 |
|   1833 |   1256 |
|   1834 |    813 |
|   1835 |   1007 |
|   1836 |    344 |
|   1837 |   1334 |
|   1838 |   1416 |
|   1839 |   1470 |
|   1840 |   1487 |
|   1841 |    191 |
|   1842 |   1072 |
|   1843 |    403 |
|   1844 |    843 |
|   1845 |    444 |
|   1846 |    778 |
|   1847 |   1256 |
|   1848 |    690 |
|   1849 |    528 |
|   1850 |    719 |
|   1851 |    846 |
|   1852 |   1186 |
|   1853 |    970 |
|   1854 |    196 |
|   1855 |    577 |
|   1856 |   1070 |
|   1857 |    486 |
|   1858 |    158 |
|   1859 |    396 |
|   1860 |    774 |
|   1861 |    810 |
|   1862 |    122 |
|   1863 |    287 |
|   1864 |    900 |
|   1865 |    360 |
|   1866 |    413 |
|   1867 |   1066 |
|   1868 |   1325 |
|   1869 |    114 |
|   1870 |   1192 |
|   1871 |    685 |
|   1872 |   1395 |
|   1873 |    397 |
|   1874 |    883 |
|   1875 |    318 |
|   1876 |   1353 |
|   1877 |   1200 |
|   1878 |    700 |
|   1879 |    245 |
|   1880 |   1332 |
|   1881 |    198 |
|   1882 |   1232 |
|   1883 |   1386 |
|   1884 |   1374 |
|   1885 |    423 |
|   1886 |    490 |
|   1887 |    325 |
|   1888 |    302 |
|   1889 |   1080 |
|   1890 |    576 |
|   1891 |   1479 |
|   1892 |   1114 |
|   1893 |    498 |
|   1894 |   1247 |
|   1895 |    935 |
|   1896 |    936 |
|   1897 |   1474 |
|   1898 |    886 |
|   1899 |    849 |
|   1900 |    287 |
|   1901 |    781 |
|   1902 |    934 |
|   1903 |    912 |
|   1904 |   1374 |
|   1905 |    856 |
|   1906 |     55 |
|   1907 |   1336 |
|   1908 |   1115 |
|   1909 |    762 |
|   1910 |   1274 |
|   1911 |    436 |
|   1912 |    225 |
|   1913 |    981 |
|   1914 |    710 |
|   1915 |   1429 |
|   1916 |    931 |
|   1917 |    719 |
|   1918 |   1162 |
|   1919 |    579 |
|   1920 |    773 |
|   1921 |     99 |
|   1922 |    287 |
|   1923 |   1465 |
|   1924 |    659 |
|   1925 |    549 |
|   1926 |   1177 |
|   1927 |    229 |
|   1928 |    521 |
|   1929 |    147 |
|   1930 |   1025 |
|   1931 |   1235 |
|   1932 |   1011 |
|   1933 |    391 |
|   1934 |    660 |
|   1935 |    221 |
|   1936 |   1489 |
|   1937 |   1306 |
|   1938 |    575 |
|   1939 |    241 |
|   1940 |    457 |
|   1941 |    950 |
|   1942 |    472 |
|   1943 |    317 |
|   1944 |   1318 |
|   1945 |     78 |
|   1946 |    987 |
|   1947 |   1294 |
|   1948 |    815 |
|   1949 |    467 |
|   1950 |    849 |
|   1951 |    596 |
|   1952 |    547 |
|   1953 |     96 |
|   1954 |    813 |
|   1955 |   1037 |
|   1956 |    813 |
|   1957 |    448 |
|   1958 |    409 |
|   1959 |    828 |
|   1960 |    273 |
|   1961 |    799 |
|   1962 |   1185 |
|   1963 |   1311 |
|   1964 |    472 |
|   1965 |    186 |
|   1966 |    819 |
|   1967 |    661 |
|   1968 |    559 |
|   1969 |    790 |
|   1970 |    972 |
|   1971 |    991 |
|   1972 |    515 |
|   1973 |   1255 |
|   1974 |    570 |
|   1975 |    827 |
|   1976 |   1452 |
|   1977 |    113 |
|   1978 |    121 |
|   1979 |   1125 |
|   1980 |    957 |
|   1981 |    133 |
|   1982 |     87 |
|   1983 |   1205 |
|   1984 |    929 |
|   1985 |    992 |
|   1986 |    175 |
|   1987 |   1272 |
|   1988 |    347 |
|   1989 |   1453 |
|   1990 |   1479 |
|   1991 |    537 |
|   1992 |   1270 |
|   1993 |    780 |
|   1994 |    496 |
|   1995 |   1231 |
|   1996 |    975 |
|   1997 |   1449 |
|   1998 |   1204 |
|   1999 |   1487 |
|   2000 |    513 |
|   2001 |    863 |
|   2002 |    267 |
|   2003 |    872 |
|   2004 |   1098 |
|   2005 |    480 |
|   2006 |    939 |
|   2007 |    470 |
|   2008 |   1214 |
|   2009 |    327 |
|   2010 |   1136 |
|   2011 |    346 |
|   2012 |    371 |
|   2013 |    839 |
|   2014 |    835 |
|   2015 |    613 |
|   2016 |    758 |
|   2017 |   1094 |
|   2018 |    739 |
|   2019 |   1282 |
|   2020 |    207 |
|   2021 |   1082 |
|   2022 |    273 |
|   2023 |    888 |
|   2024 |    524 |
|   2025 |    349 |
|   2026 |    611 |
|   2027 |    915 |
|   2028 |   1483 |
|   2029 |   1246 |
|   2030 |    236 |
|   2031 |    895 |
|   2032 |    487 |
|   2033 |   1128 |
|   2034 |   1478 |
|   2035 |    393 |
|   2036 |    945 |
|   2037 |   1216 |
|   2038 |   1163 |
|   2039 |    461 |
|   2040 |    404 |
|   2041 |    918 |
|   2042 |   1280 |
|   2043 |    515 |
|   2044 |    679 |
|   2045 |    651 |
|   2046 |    459 |
|   2047 |    174 |
|   2048 |    714 |
|   2049 |    707 |
|   2050 |    746 |
|   2051 |    694 |
|   2052 |   1179 |
|   2053 |     81 |
|   2054 |    612 |
|   2055 |   1447 |
|   2056 |    221 |
|   2057 |   1108 |
|   2058 |    414 |
|   2059 |    962 |
|   2060 |    311 |
|   2061 |    698 |
|   2062 |    746 |
|   2063 |    172 |
|   2064 |    974 |
|   2065 |    922 |
|   2066 |   1337 |
|   2067 |    179 |
|   2068 |    423 |
|   2069 |   1261 |
|   2070 |    871 |
|   2071 |    542 |
|   2072 |   1281 |
|   2073 |   1031 |
|   2074 |   1153 |
|   2075 |   1177 |
|   2076 |    948 |
|   2077 |    599 |
|   2078 |    964 |
|   2079 |    972 |
|   2080 |    237 |
|   2081 |    691 |
|   2082 |    842 |
|   2083 |   1123 |
|   2084 |    804 |
|   2085 |    195 |
|   2086 |    420 |
|   2087 |    954 |
|   2088 |   1045 |
|   2089 |    387 |
|   2090 |    545 |
|   2091 |   1253 |
|   2092 |    128 |
|   2093 |   1037 |
|   2094 |   1382 |
|   2095 |   1057 |
|   2096 |   1158 |
|   2097 |    677 |
|   2098 |   1490 |
|   2099 |    982 |
|   2100 |    271 |
|   2101 |    886 |
|   2102 |   1258 |
|   2103 |    456 |
|   2104 |    510 |
|   2105 |    109 |
|   2106 |   1094 |
|   2107 |    629 |
|   2108 |    445 |
|   2109 |    283 |
|   2110 |    976 |
|   2111 |    396 |
|   2112 |    924 |
|   2113 |    463 |
|   2114 |   1435 |
|   2115 |   1426 |
|   2116 |    252 |
|   2117 |    281 |
|   2118 |   1197 |
|   2119 |    530 |
|   2120 |    684 |
|   2121 |   1163 |
|   2122 |    823 |
|   2123 |   1473 |
|   2124 |    563 |
|   2125 |    331 |
|   2126 |    475 |
|   2127 |    454 |
|   2128 |   1496 |
|   2129 |   1087 |
|   2130 |   1186 |
|   2131 |    242 |
|   2132 |    965 |
|   2133 |    710 |
|   2134 |    225 |
|   2135 |   1143 |
|   2136 |    650 |
|   2137 |    392 |
|   2138 |    639 |
|   2139 |    338 |
|   2140 |    684 |
|   2141 |   1210 |
|   2142 |    620 |
|   2143 |    474 |
|   2144 |    764 |
|   2145 |    222 |
|   2146 |    294 |
|   2147 |    657 |
|   2148 |   1012 |
|   2149 |    408 |
|   2150 |    411 |
|   2151 |    825 |
|   2152 |   1012 |
|   2153 |   1079 |
|   2154 |   1474 |
|   2155 |    315 |
|   2156 |   1176 |
|   2157 |   1321 |
|   2158 |    797 |
|   2159 |   1225 |
|   2160 |    568 |
|   2161 |    326 |
|   2162 |   1152 |
|   2163 |    594 |
|   2164 |    483 |
|   2165 |   1282 |
|   2166 |   1340 |
|   2167 |    346 |
|   2168 |    623 |
|   2169 |    321 |
|   2170 |    825 |
|   2171 |    934 |
|   2172 |    758 |
|   2173 |   1034 |
|   2174 |    574 |
|   2175 |    844 |
|   2176 |   1326 |
|   2177 |    279 |
|   2178 |   1239 |
|   2179 |    880 |
|   2180 |    365 |
|   2181 |   1284 |
|   2182 |    962 |
|   2183 |    871 |
|   2184 |   1130 |
|   2185 |    818 |
|   2186 |    729 |
|   2187 |   1107 |
|   2188 |   1170 |
|   2189 |   1345 |
|   2190 |   1042 |
|   2191 |    602 |
|   2192 |    752 |
|   2193 |    249 |
|   2194 |    738 |
|   2195 |    519 |
|   2196 |    560 |
|   2197 |   1258 |
|   2198 |    700 |
|   2199 |    764 |
|   2200 |   1414 |
|   2201 |    580 |
|   2202 |    702 |
|   2203 |   1403 |
|   2204 |    823 |
|   2205 |    585 |
|   2206 |   1460 |
|   2207 |     82 |
|   2208 |   1393 |
|   2209 |    892 |
|   2210 |    949 |
|   2211 |    912 |
|   2212 |     75 |
|   2213 |    404 |
|   2214 |    474 |
|   2215 |    286 |
|   2216 |    570 |
|   2217 |    760 |
|   2218 |    997 |
|   2219 |    931 |
|   2220 |    260 |
|   2221 |   1122 |
|   2222 |    865 |
|   2223 |    651 |
|   2224 |    582 |
|   2225 |   1099 |
|   2226 |    748 |
|   2227 |    510 |
|   2228 |    861 |
|   2229 |   1405 |
|   2230 |    318 |
|   2231 |   1135 |
|   2232 |    895 |
|   2233 |   1110 |
|   2234 |    692 |
|   2235 |    328 |
|   2236 |   1479 |
|   2237 |    368 |
|   2238 |    825 |
|   2239 |    174 |
|   2240 |   1284 |
|   2241 |   1071 |
|   2242 |    191 |
|   2243 |    420 |
|   2244 |    318 |
|   2245 |   1047 |
|   2246 |   1292 |
|   2247 |   1117 |
|   2248 |   1458 |
|   2249 |   1085 |
|   2250 |   1458 |
|   2251 |    139 |
|   2252 |   1383 |
|   2253 |    792 |
|   2254 |    155 |
|   2255 |   1341 |
|   2256 |    639 |
|   2257 |   1362 |
|   2258 |    676 |
|   2259 |    550 |
|   2260 |   1027 |
|   2261 |    713 |
|   2262 |   1404 |
|   2263 |    869 |
|   2264 |   1346 |
|   2265 |    808 |
|   2266 |    222 |
|   2267 |   1099 |
|   2268 |    110 |
|   2269 |    759 |
|   2270 |   1301 |
|   2271 |   1363 |
|   2272 |   1376 |
|   2273 |   1447 |
|   2274 |    688 |
|   2275 |   1430 |
|   2276 |    723 |
|   2277 |    196 |
|   2278 |   1444 |
|   2279 |    503 |
|   2280 |    970 |
|   2281 |   1319 |
|   2282 |   1288 |
|   2283 |    633 |
|   2284 |    332 |
|   2285 |   1241 |
|   2286 |    412 |
|   2287 |    282 |
|   2288 |    206 |
|   2289 |    439 |
|   2290 |    256 |
|   2291 |    555 |
|   2292 |    217 |
|   2293 |   1327 |
|   2294 |    967 |
|   2295 |    293 |
|   2296 |    921 |
|   2297 |   1111 |
|   2298 |   1267 |
|   2299 |   1130 |
|   2300 |   1115 |
|   2301 |   1220 |
|   2302 |    662 |
|   2303 |   1339 |
|   2304 |   1249 |
|   2305 |   1485 |
|   2306 |    698 |
|   2307 |    721 |
|   2308 |    271 |
|   2309 |    140 |
|   2310 |    215 |
|   2311 |    845 |
|   2312 |    563 |
|   2313 |   1328 |
|   2314 |    163 |
|   2315 |    827 |
|   2316 |   1494 |
|   2317 |    275 |
|   2318 |    873 |
|   2319 |   1194 |
|   2320 |    835 |
|   2321 |    996 |
|   2322 |    581 |
|   2323 |    678 |
|   2324 |    963 |
|   2325 |    923 |
|   2326 |    169 |
|   2327 |   1481 |
|   2328 |    116 |
|   2329 |     81 |
|   2330 |   1269 |
|   2331 |   1361 |
|   2332 |    109 |
|   2333 |    509 |
|   2334 |    445 |
|   2335 |    242 |
|   2336 |    432 |
|   2337 |    253 |
|   2338 |   1054 |
|   2339 |    514 |
|   2340 |    617 |
|   2341 |    638 |
|   2342 |    100 |
|   2343 |    881 |
|   2344 |    151 |
|   2345 |    747 |
|   2346 |    236 |
|   2347 |    312 |
|   2348 |    878 |
|   2349 |   1361 |
|   2350 |   1332 |
|   2351 |    589 |
|   2352 |    516 |
|   2353 |     63 |
|   2354 |    725 |
|   2355 |    493 |
|   2356 |    545 |
|   2357 |    337 |
|   2358 |   1152 |
|   2359 |    217 |
|   2360 |    471 |
|   2361 |   1430 |
|   2362 |    684 |
|   2363 |    522 |
|   2364 |   1431 |
|   2365 |    623 |
|   2366 |    240 |
|   2367 |   1190 |
|   2368 |    318 |
|   2369 |   1443 |
|   2370 |    206 |
|   2371 |   1275 |
|   2372 |   1206 |
|   2373 |    450 |
|   2374 |    385 |
|   2375 |   1463 |
|   2376 |   1222 |
|   2377 |    244 |
|   2378 |    458 |
|   2379 |    915 |
|   2380 |    932 |
|   2381 |    791 |
|   2382 |   1101 |
|   2383 |    240 |
|   2384 |    289 |
|   2385 |    962 |
|   2386 |    317 |
|   2387 |    665 |
|   2388 |   1322 |
|   2389 |   1252 |
|   2390 |   1480 |
|   2391 |    235 |
|   2392 |    773 |
|   2393 |   1220 |
|   2394 |    338 |
|   2395 |   1326 |
|   2396 |   1034 |
|   2397 |    547 |
|   2398 |   1161 |
|   2399 |   1197 |
|   2400 |   1183 |
|   2401 |   1307 |
|   2402 |    534 |
|   2403 |    985 |
|   2404 |    911 |
|   2405 |    218 |
|   2406 |    806 |
|   2407 |    566 |
|   2408 |    956 |
|   2409 |    401 |
|   2410 |   1405 |
|   2411 |   1086 |
|   2412 |    147 |
|   2413 |    667 |
|   2414 |   1322 |
|   2415 |    965 |
|   2416 |   1014 |
|   2417 |   1043 |
|   2418 |    882 |
|   2419 |    838 |
|   2420 |    774 |
|   2421 |    270 |
|   2422 |    750 |
|   2423 |    270 |
|   2424 |    723 |
|   2425 |   1263 |
|   2426 |    610 |
|   2427 |    792 |
|   2428 |    788 |
|   2429 |   1301 |
|   2430 |    404 |
|   2431 |    346 |
|   2432 |    395 |
|   2433 |   1040 |
|   2434 |    808 |
|   2435 |    588 |
|   2436 |   1218 |
|   2437 |     59 |
|   2438 |   1422 |
|   2439 |    831 |
|   2440 |   1424 |
|   2441 |   1358 |
|   2442 |   1494 |
|   2443 |    233 |
|   2444 |    383 |
|   2445 |    790 |
|   2446 |   1336 |
|   2447 |   1330 |
|   2448 |    740 |
|   2449 |    754 |
|   2450 |    139 |
|   2451 |    875 |
|   2452 |    237 |
|   2453 |    220 |
|   2454 |    627 |
|   2455 |   1221 |
|   2456 |   1067 |
|   2457 |    224 |
|   2458 |   1233 |
|   2459 |    847 |
|   2460 |   1356 |
|   2461 |    874 |
|   2462 |    117 |
|   2463 |   1060 |
|   2464 |   1311 |
|   2465 |     64 |
|   2466 |    283 |
|   2467 |    674 |
|   2468 |    961 |
|   2469 |    447 |
|   2470 |    705 |
|   2471 |   1296 |
|   2472 |    781 |
|   2473 |    788 |
|   2474 |    358 |
|   2475 |    584 |
|   2476 |   1278 |
|   2477 |    525 |
|   2478 |    919 |
|   2479 |    205 |
|   2480 |   1346 |
|   2481 |    836 |
|   2482 |   1138 |
|   2483 |    146 |
|   2484 |    333 |
|   2485 |   1304 |
|   2486 |   1071 |
|   2487 |   1193 |
|   2488 |    955 |
|   2489 |   1495 |
|   2490 |   1410 |
|   2491 |    646 |
|   2492 |    553 |
|   2493 |    427 |
|   2494 |   1379 |
|   2495 |   1101 |
|   2496 |   1145 |
|   2497 |    421 |
|   2498 |    593 |
|   2499 |    672 |
|   2500 |   1372 |
|   2501 |   1334 |
|   2502 |    479 |
|   2503 |    453 |
|   2504 |    160 |
|   2505 |    669 |
|   2506 |    877 |
|   2507 |    844 |
|   2508 |    901 |
|   2509 |   1116 |
|   2510 |    919 |
|   2511 |    277 |
|   2512 |    348 |
|   2513 |    566 |
|   2514 |   1085 |
|   2515 |   1009 |
|   2516 |   1106 |
|   2517 |    430 |
|   2518 |   1092 |
|   2519 |    566 |
|   2520 |    950 |
|   2521 |    443 |
|   2522 |    341 |
|   2523 |    543 |
|   2524 |    648 |
|   2525 |   1200 |
|   2526 |    715 |
|   2527 |    142 |
|   2528 |    199 |
|   2529 |   1024 |
|   2530 |   1157 |
|   2531 |    992 |
|   2532 |    193 |
|   2533 |    140 |
|   2534 |    225 |
|   2535 |    457 |
|   2536 |    760 |
|   2537 |   1422 |
|   2538 |    782 |
|   2539 |   1233 |
|   2540 |    841 |
|   2541 |   1327 |
|   2542 |   1392 |
|   2543 |    251 |
|   2544 |   1134 |
|   2545 |    407 |
|   2546 |    161 |
|   2547 |   1324 |
|   2548 |    378 |
|   2549 |    458 |
|   2550 |    319 |
|   2551 |    177 |
|   2552 |    279 |
|   2553 |   1116 |
|   2554 |   1274 |
|   2555 |    219 |
|   2556 |    288 |
|   2557 |   1448 |
|   2558 |    307 |
|   2559 |   1309 |
|   2560 |    729 |
|   2561 |    978 |
|   2562 |    922 |
|   2563 |    762 |
|   2564 |    939 |
|   2565 |    176 |
|   2566 |    352 |
|   2567 |    448 |
|   2568 |    780 |
|   2569 |    862 |
|   2570 |    254 |
|   2571 |   1353 |
|   2572 |    759 |
Numerul TOTAL de pagini este 1992231
O TREIME de pagini este reprezentata de 664077
===Rezultatele in cazul unei metode greedy===
Angajatul 1 este responsabil de 663475 pagini.
Angajatul 2 este responsabil de 663757 pagini.
Angajatul 3 este responsabil de 664999 pagini.
===Rezultatele in cazul unei metode de cautare exhaustive===
Angajatul 1 este responsabil de 664239 pagini.
Angajatul 2 este responsabil de 664214 pagini.
Angajatul 3 este responsabil de 663778 pagini.
