Numărul de cărți este 3158

| Cartea | Pagini |
|--------|--------|
|      1 |    553 |
|      2 |   1119 |
|      3 |    648 |
|      4 |    173 |
|      5 |    196 |
|      6 |   1393 |
|      7 |    398 |
|      8 |   1387 |
|      9 |    673 |
|     10 |    191 |
|     11 |    175 |
|     12 |     94 |
|     13 |    514 |
|     14 |   1325 |
|     15 |    147 |
|     16 |    293 |
|     17 |    272 |
|     18 |    113 |
|     19 |    466 |
|     20 |   1361 |
|     21 |    410 |
|     22 |   1119 |
|     23 |    379 |
|     24 |    113 |
|     25 |    497 |
|     26 |   1230 |
|     27 |    745 |
|     28 |   1134 |
|     29 |    737 |
|     30 |   1323 |
|     31 |    349 |
|     32 |     76 |
|     33 |    952 |
|     34 |   1491 |
|     35 |    375 |
|     36 |    780 |
|     37 |    170 |
|     38 |   1178 |
|     39 |    457 |
|     40 |    580 |
|     41 |   1309 |
|     42 |    432 |
|     43 |   1343 |
|     44 |    220 |
|     45 |    560 |
|     46 |     80 |
|     47 |    369 |
|     48 |    829 |
|     49 |    460 |
|     50 |   1000 |
|     51 |    750 |
|     52 |    364 |
|     53 |    815 |
|     54 |    601 |
|     55 |    247 |
|     56 |   1180 |
|     57 |   1017 |
|     58 |   1356 |
|     59 |   1462 |
|     60 |    865 |
|     61 |   1359 |
|     62 |    994 |
|     63 |   1328 |
|     64 |    560 |
|     65 |   1436 |
|     66 |    217 |
|     67 |     85 |
|     68 |   1308 |
|     69 |   1374 |
|     70 |   1052 |
|     71 |    627 |
|     72 |   1488 |
|     73 |    268 |
|     74 |    386 |
|     75 |    659 |
|     76 |   1095 |
|     77 |    630 |
|     78 |    206 |
|     79 |   1446 |
|     80 |   1009 |
|     81 |   1381 |
|     82 |    740 |
|     83 |    248 |
|     84 |   1248 |
|     85 |    331 |
|     86 |    136 |
|     87 |    989 |
|     88 |   1321 |
|     89 |   1272 |
|     90 |    621 |
|     91 |    284 |
|     92 |    916 |
|     93 |   1027 |
|     94 |   1076 |
|     95 |    184 |
|     96 |    915 |
|     97 |   1221 |
|     98 |    518 |
|     99 |    581 |
|    100 |    251 |
|    101 |   1123 |
|    102 |    396 |
|    103 |    440 |
|    104 |    252 |
|    105 |    842 |
|    106 |    263 |
|    107 |    220 |
|    108 |   1395 |
|    109 |    330 |
|    110 |    558 |
|    111 |    921 |
|    112 |   1201 |
|    113 |   1175 |
|    114 |     54 |
|    115 |     67 |
|    116 |    186 |
|    117 |    172 |
|    118 |    151 |
|    119 |   1242 |
|    120 |    855 |
|    121 |    400 |
|    122 |    833 |
|    123 |   1422 |
|    124 |   1421 |
|    125 |   1249 |
|    126 |    682 |
|    127 |    893 |
|    128 |    968 |
|    129 |   1394 |
|    130 |   1175 |
|    131 |   1189 |
|    132 |    329 |
|    133 |   1256 |
|    134 |    341 |
|    135 |    174 |
|    136 |   1072 |
|    137 |   1080 |
|    138 |   1116 |
|    139 |   1436 |
|    140 |    719 |
|    141 |    629 |
|    142 |     93 |
|    143 |    409 |
|    144 |    244 |
|    145 |   1464 |
|    146 |    655 |
|    147 |    674 |
|    148 |    162 |
|    149 |    913 |
|    150 |   1421 |
|    151 |   1126 |
|    152 |    595 |
|    153 |    154 |
|    154 |   1143 |
|    155 |   1409 |
|    156 |   1160 |
|    157 |    874 |
|    158 |    140 |
|    159 |    889 |
|    160 |    161 |
|    161 |   1240 |
|    162 |    137 |
|    163 |   1407 |
|    164 |    505 |
|    165 |   1053 |
|    166 |   1290 |
|    167 |    796 |
|    168 |    396 |
|    169 |    569 |
|    170 |    843 |
|    171 |    701 |
|    172 |   1065 |
|    173 |    897 |
|    174 |    533 |
|    175 |   1342 |
|    176 |     88 |
|    177 |    386 |
|    178 |   1083 |
|    179 |   1474 |
|    180 |    197 |
|    181 |    215 |
|    182 |    933 |
|    183 |    669 |
|    184 |   1346 |
|    185 |    615 |
|    186 |    298 |
|    187 |   1193 |
|    188 |    386 |
|    189 |    179 |
|    190 |    374 |
|    191 |    615 |
|    192 |    954 |
|    193 |   1298 |
|    194 |    954 |
|    195 |    685 |
|    196 |     83 |
|    197 |    126 |
|    198 |    293 |
|    199 |   1145 |
|    200 |   1278 |
|    201 |    352 |
|    202 |    133 |
|    203 |    356 |
|    204 |    286 |
|    205 |    422 |
|    206 |    362 |
|    207 |   1380 |
|    208 |    949 |
|    209 |   1236 |
|    210 |    751 |
|    211 |    403 |
|    212 |    424 |
|    213 |    288 |
|    214 |   1138 |
|    215 |   1036 |
|    216 |   1113 |
|    217 |   1381 |
|    218 |    565 |
|    219 |   1353 |
|    220 |   1490 |
|    221 |   1191 |
|    222 |    344 |
|    223 |    268 |
|    224 |    345 |
|    225 |    361 |
|    226 |     85 |
|    227 |    992 |
|    228 |    746 |
|    229 |    513 |
|    230 |    591 |
|    231 |    255 |
|    232 |    365 |
|    233 |   1082 |
|    234 |    494 |
|    235 |    896 |
|    236 |    431 |
|    237 |    450 |
|    238 |   1230 |
|    239 |    234 |
|    240 |    828 |
|    241 |   1283 |
|    242 |   1468 |
|    243 |    598 |
|    244 |   1126 |
|    245 |    950 |
|    246 |    416 |
|    247 |    266 |
|    248 |    571 |
|    249 |    307 |
|    250 |    477 |
|    251 |   1419 |
|    252 |    580 |
|    253 |    834 |
|    254 |   1132 |
|    255 |    638 |
|    256 |   1324 |
|    257 |    286 |
|    258 |    418 |
|    259 |    759 |
|    260 |    519 |
|    261 |    505 |
|    262 |    834 |
|    263 |    569 |
|    264 |    935 |
|    265 |    188 |
|    266 |    135 |
|    267 |    111 |
|    268 |    508 |
|    269 |   1181 |
|    270 |    838 |
|    271 |   1067 |
|    272 |    889 |
|    273 |   1095 |
|    274 |    193 |
|    275 |    535 |
|    276 |    318 |
|    277 |    704 |
|    278 |    609 |
|    279 |    103 |
|    280 |    685 |
|    281 |   1245 |
|    282 |    281 |
|    283 |   1341 |
|    284 |    785 |
|    285 |    604 |
|    286 |     81 |
|    287 |    335 |
|    288 |    151 |
|    289 |    558 |
|    290 |    855 |
|    291 |    337 |
|    292 |   1470 |
|    293 |    937 |
|    294 |    326 |
|    295 |   1387 |
|    296 |   1441 |
|    297 |   1210 |
|    298 |    952 |
|    299 |   1152 |
|    300 |   1360 |
|    301 |   1301 |
|    302 |   1352 |
|    303 |     65 |
|    304 |    603 |
|    305 |    701 |
|    306 |   1303 |
|    307 |   1028 |
|    308 |    809 |
|    309 |   1213 |
|    310 |   1171 |
|    311 |   1195 |
|    312 |    710 |
|    313 |   1364 |
|    314 |   1126 |
|    315 |    232 |
|    316 |   1158 |
|    317 |   1046 |
|    318 |    581 |
|    319 |    332 |
|    320 |    118 |
|    321 |    488 |
|    322 |   1372 |
|    323 |    359 |
|    324 |    130 |
|    325 |    283 |
|    326 |    592 |
|    327 |   1198 |
|    328 |   1340 |
|    329 |   1236 |
|    330 |   1321 |
|    331 |   1263 |
|    332 |    705 |
|    333 |   1212 |
|    334 |     76 |
|    335 |   1325 |
|    336 |    554 |
|    337 |    738 |
|    338 |    191 |
|    339 |    857 |
|    340 |   1498 |
|    341 |    791 |
|    342 |     62 |
|    343 |    367 |
|    344 |    578 |
|    345 |   1245 |
|    346 |    132 |
|    347 |   1052 |
|    348 |   1085 |
|    349 |   1179 |
|    350 |   1013 |
|    351 |   1324 |
|    352 |    725 |
|    353 |   1318 |
|    354 |    973 |
|    355 |    515 |
|    356 |     99 |
|    357 |   1028 |
|    358 |     98 |
|    359 |    383 |
|    360 |   1127 |
|    361 |    795 |
|    362 |    131 |
|    363 |   1301 |
|    364 |    119 |
|    365 |    608 |
|    366 |   1146 |
|    367 |    977 |
|    368 |   1398 |
|    369 |    235 |
|    370 |   1315 |
|    371 |    296 |
|    372 |    233 |
|    373 |    541 |
|    374 |   1341 |
|    375 |   1219 |
|    376 |    678 |
|    377 |   1382 |
|    378 |    605 |
|    379 |    744 |
|    380 |   1498 |
|    381 |    475 |
|    382 |   1381 |
|    383 |    128 |
|    384 |   1236 |
|    385 |    481 |
|    386 |    338 |
|    387 |    808 |
|    388 |   1289 |
|    389 |   1125 |
|    390 |    743 |
|    391 |    926 |
|    392 |   1251 |
|    393 |   1068 |
|    394 |   1140 |
|    395 |    830 |
|    396 |   1282 |
|    397 |   1003 |
|    398 |    386 |
|    399 |    458 |
|    400 |   1119 |
|    401 |    504 |
|    402 |    793 |
|    403 |    305 |
|    404 |    574 |
|    405 |     65 |
|    406 |    832 |
|    407 |   1337 |
|    408 |    478 |
|    409 |    430 |
|    410 |    254 |
|    411 |    951 |
|    412 |    792 |
|    413 |    108 |
|    414 |   1267 |
|    415 |    469 |
|    416 |    485 |
|    417 |    432 |
|    418 |   1166 |
|    419 |   1222 |
|    420 |   1248 |
|    421 |    535 |
|    422 |    587 |
|    423 |    516 |
|    424 |   1304 |
|    425 |    605 |
|    426 |   1373 |
|    427 |   1363 |
|    428 |   1325 |
|    429 |    266 |
|    430 |    186 |
|    431 |   1397 |
|    432 |    560 |
|    433 |   1421 |
|    434 |    227 |
|    435 |    673 |
|    436 |    462 |
|    437 |    766 |
|    438 |    766 |
|    439 |    706 |
|    440 |   1217 |
|    441 |   1475 |
|    442 |    256 |
|    443 |    921 |
|    444 |    278 |
|    445 |    966 |
|    446 |    702 |
|    447 |    320 |
|    448 |   1120 |
|    449 |    459 |
|    450 |   1478 |
|    451 |    202 |
|    452 |    907 |
|    453 |    619 |
|    454 |    706 |
|    455 |   1014 |
|    456 |   1406 |
|    457 |    120 |
|    458 |     71 |
|    459 |    682 |
|    460 |   1080 |
|    461 |    987 |
|    462 |    569 |
|    463 |    608 |
|    464 |   1423 |
|    465 |    398 |
|    466 |    731 |
|    467 |    688 |
|    468 |    409 |
|    469 |     63 |
|    470 |   1164 |
|    471 |    999 |
|    472 |    340 |
|    473 |    209 |
|    474 |   1212 |
|    475 |    363 |
|    476 |    927 |
|    477 |    562 |
|    478 |    394 |
|    479 |   1139 |
|    480 |    154 |
|    481 |    826 |
|    482 |    663 |
|    483 |    910 |
|    484 |   1047 |
|    485 |    128 |
|    486 |    710 |
|    487 |   1148 |
|    488 |    279 |
|    489 |   1101 |
|    490 |    496 |
|    491 |    145 |
|    492 |    755 |
|    493 |    260 |
|    494 |   1391 |
|    495 |   1479 |
|    496 |   1212 |
|    497 |    989 |
|    498 |    322 |
|    499 |    280 |
|    500 |    646 |
|    501 |   1159 |
|    502 |   1243 |
|    503 |    323 |
|    504 |   1190 |
|    505 |    887 |
|    506 |    105 |
|    507 |    399 |
|    508 |    892 |
|    509 |   1309 |
|    510 |   1421 |
|    511 |    723 |
|    512 |    370 |
|    513 |   1283 |
|    514 |    169 |
|    515 |   1238 |
|    516 |    887 |
|    517 |    780 |
|    518 |    366 |
|    519 |    439 |
|    520 |   1329 |
|    521 |    914 |
|    522 |   1037 |
|    523 |    144 |
|    524 |    441 |
|    525 |    830 |
|    526 |    983 |
|    527 |    405 |
|    528 |    100 |
|    529 |    603 |
|    530 |   1081 |
|    531 |   1130 |
|    532 |    927 |
|    533 |   1353 |
|    534 |    816 |
|    535 |    225 |
|    536 |    387 |
|    537 |    661 |
|    538 |   1409 |
|    539 |    288 |
|    540 |   1098 |
|    541 |   1026 |
|    542 |   1403 |
|    543 |    814 |
|    544 |   1435 |
|    545 |    818 |
|    546 |    818 |
|    547 |   1405 |
|    548 |   1322 |
|    549 |    453 |
|    550 |    550 |
|    551 |    386 |
|    552 |    774 |
|    553 |   1234 |
|    554 |    915 |
|    555 |   1059 |
|    556 |   1107 |
|    557 |    912 |
|    558 |   1361 |
|    559 |   1146 |
|    560 |     71 |
|    561 |   1443 |
|    562 |   1268 |
|    563 |   1233 |
|    564 |    363 |
|    565 |    924 |
|    566 |   1240 |
|    567 |    701 |
|    568 |   1032 |
|    569 |    978 |
|    570 |    679 |
|    571 |    815 |
|    572 |    484 |
|    573 |    455 |
|    574 |    770 |
|    575 |    493 |
|    576 |    563 |
|    577 |    666 |
|    578 |    315 |
|    579 |   1464 |
|    580 |   1040 |
|    581 |    728 |
|    582 |     78 |
|    583 |     51 |
|    584 |   1500 |
|    585 |    495 |
|    586 |    697 |
|    587 |    175 |
|    588 |   1390 |
|    589 |    365 |
|    590 |    617 |
|    591 |   1088 |
|    592 |   1451 |
|    593 |    360 |
|    594 |    829 |
|    595 |   1228 |
|    596 |    291 |
|    597 |   1139 |
|    598 |   1280 |
|    599 |   1059 |
|    600 |   1386 |
|    601 |   1157 |
|    602 |    579 |
|    603 |    697 |
|    604 |    885 |
|    605 |   1406 |
|    606 |    641 |
|    607 |    397 |
|    608 |   1336 |
|    609 |     81 |
|    610 |   1297 |
|    611 |   1422 |
|    612 |    196 |
|    613 |   1224 |
|    614 |     95 |
|    615 |    424 |
|    616 |    201 |
|    617 |    412 |
|    618 |    715 |
|    619 |    923 |
|    620 |    482 |
|    621 |    899 |
|    622 |    298 |
|    623 |   1323 |
|    624 |    518 |
|    625 |   1075 |
|    626 |    824 |
|    627 |    814 |
|    628 |   1264 |
|    629 |    940 |
|    630 |    391 |
|    631 |    743 |
|    632 |    909 |
|    633 |    694 |
|    634 |   1100 |
|    635 |     68 |
|    636 |   1475 |
|    637 |   1186 |
|    638 |    139 |
|    639 |   1048 |
|    640 |    594 |
|    641 |    715 |
|    642 |    468 |
|    643 |    519 |
|    644 |   1162 |
|    645 |    118 |
|    646 |    602 |
|    647 |   1268 |
|    648 |   1186 |
|    649 |   1004 |
|    650 |    466 |
|    651 |   1494 |
|    652 |    134 |
|    653 |   1394 |
|    654 |    443 |
|    655 |    939 |
|    656 |    242 |
|    657 |    547 |
|    658 |   1262 |
|    659 |   1337 |
|    660 |     79 |
|    661 |   1394 |
|    662 |    664 |
|    663 |   1363 |
|    664 |    214 |
|    665 |   1247 |
|    666 |   1277 |
|    667 |   1041 |
|    668 |    767 |
|    669 |   1180 |
|    670 |    246 |
|    671 |    892 |
|    672 |    897 |
|    673 |    496 |
|    674 |   1394 |
|    675 |    240 |
|    676 |    729 |
|    677 |    215 |
|    678 |     75 |
|    679 |    910 |
|    680 |    994 |
|    681 |    436 |
|    682 |   1127 |
|    683 |    909 |
|    684 |    535 |
|    685 |    623 |
|    686 |    891 |
|    687 |   1422 |
|    688 |    722 |
|    689 |    545 |
|    690 |    890 |
|    691 |    513 |
|    692 |   1350 |
|    693 |    966 |
|    694 |   1332 |
|    695 |    249 |
|    696 |   1100 |
|    697 |    297 |
|    698 |    159 |
|    699 |    474 |
|    700 |   1500 |
|    701 |    265 |
|    702 |    500 |
|    703 |    221 |
|    704 |    559 |
|    705 |    544 |
|    706 |    982 |
|    707 |   1248 |
|    708 |    928 |
|    709 |   1434 |
|    710 |    773 |
|    711 |   1421 |
|    712 |    428 |
|    713 |   1085 |
|    714 |   1374 |
|    715 |    769 |
|    716 |   1187 |
|    717 |    933 |
|    718 |    480 |
|    719 |    561 |
|    720 |    571 |
|    721 |    739 |
|    722 |   1402 |
|    723 |   1077 |
|    724 |    454 |
|    725 |   1466 |
|    726 |   1420 |
|    727 |    427 |
|    728 |   1347 |
|    729 |    390 |
|    730 |    207 |
|    731 |    914 |
|    732 |   1323 |
|    733 |    552 |
|    734 |   1404 |
|    735 |   1101 |
|    736 |   1382 |
|    737 |   1101 |
|    738 |   1011 |
|    739 |    394 |
|    740 |    813 |
|    741 |    959 |
|    742 |    537 |
|    743 |   1351 |
|    744 |     95 |
|    745 |    872 |
|    746 |    417 |
|    747 |    464 |
|    748 |   1274 |
|    749 |   1170 |
|    750 |   1077 |
|    751 |    488 |
|    752 |   1252 |
|    753 |    607 |
|    754 |   1464 |
|    755 |    107 |
|    756 |    117 |
|    757 |    589 |
|    758 |    865 |
|    759 |    160 |
|    760 |    883 |
|    761 |    837 |
|    762 |    946 |
|    763 |   1346 |
|    764 |   1391 |
|    765 |   1126 |
|    766 |    455 |
|    767 |    683 |
|    768 |    395 |
|    769 |   1450 |
|    770 |   1134 |
|    771 |   1487 |
|    772 |   1357 |
|    773 |    970 |
|    774 |    148 |
|    775 |   1130 |
|    776 |   1009 |
|    777 |    897 |
|    778 |    209 |
|    779 |    167 |
|    780 |   1079 |
|    781 |   1327 |
|    782 |   1113 |
|    783 |    746 |
|    784 |   1395 |
|    785 |   1497 |
|    786 |   1127 |
|    787 |    417 |
|    788 |    888 |
|    789 |    363 |
|    790 |    118 |
|    791 |    451 |
|    792 |    120 |
|    793 |   1311 |
|    794 |    594 |
|    795 |    574 |
|    796 |    824 |
|    797 |   1498 |
|    798 |    652 |
|    799 |   1475 |
|    800 |    172 |
|    801 |    318 |
|    802 |   1320 |
|    803 |   1204 |
|    804 |   1039 |
|    805 |    316 |
|    806 |   1062 |
|    807 |    830 |
|    808 |    349 |
|    809 |    850 |
|    810 |   1456 |
|    811 |   1370 |
|    812 |   1219 |
|    813 |    979 |
|    814 |   1032 |
|    815 |   1087 |
|    816 |    713 |
|    817 |    855 |
|    818 |   1277 |
|    819 |    122 |
|    820 |    425 |
|    821 |    612 |
|    822 |    383 |
|    823 |   1251 |
|    824 |    831 |
|    825 |    823 |
|    826 |    464 |
|    827 |    158 |
|    828 |    576 |
|    829 |    613 |
|    830 |    725 |
|    831 |    663 |
|    832 |   1304 |
|    833 |    344 |
|    834 |    535 |
|    835 |   1167 |
|    836 |    388 |
|    837 |   1316 |
|    838 |    218 |
|    839 |    729 |
|    840 |    229 |
|    841 |   1357 |
|    842 |    859 |
|    843 |    588 |
|    844 |   1034 |
|    845 |    891 |
|    846 |    233 |
|    847 |   1249 |
|    848 |    513 |
|    849 |   1106 |
|    850 |    549 |
|    851 |    866 |
|    852 |   1275 |
|    853 |   1210 |
|    854 |   1160 |
|    855 |    713 |
|    856 |    191 |
|    857 |   1228 |
|    858 |   1428 |
|    859 |   1411 |
|    860 |   1362 |
|    861 |    118 |
|    862 |    172 |
|    863 |    765 |
|    864 |    155 |
|    865 |    834 |
|    866 |   1301 |
|    867 |    922 |
|    868 |     61 |
|    869 |   1442 |
|    870 |    118 |
|    871 |   1372 |
|    872 |   1020 |
|    873 |   1037 |
|    874 |   1166 |
|    875 |    651 |
|    876 |    341 |
|    877 |   1223 |
|    878 |    900 |
|    879 |   1491 |
|    880 |   1064 |
|    881 |    510 |
|    882 |   1404 |
|    883 |    758 |
|    884 |   1470 |
|    885 |    122 |
|    886 |   1325 |
|    887 |   1100 |
|    888 |   1269 |
|    889 |    405 |
|    890 |    127 |
|    891 |    454 |
|    892 |    630 |
|    893 |    924 |
|    894 |    562 |
|    895 |    916 |
|    896 |   1226 |
|    897 |    798 |
|    898 |   1360 |
|    899 |    183 |
|    900 |    417 |
|    901 |    116 |
|    902 |    551 |
|    903 |    565 |
|    904 |   1308 |
|    905 |   1438 |
|    906 |   1368 |
|    907 |    811 |
|    908 |    731 |
|    909 |    192 |
|    910 |    594 |
|    911 |    862 |
|    912 |    514 |
|    913 |   1346 |
|    914 |   1312 |
|    915 |    583 |
|    916 |    975 |
|    917 |   1110 |
|    918 |    543 |
|    919 |    928 |
|    920 |    669 |
|    921 |    510 |
|    922 |    763 |
|    923 |    256 |
|    924 |   1164 |
|    925 |    253 |
|    926 |    653 |
|    927 |   1280 |
|    928 |    202 |
|    929 |   1177 |
|    930 |    875 |
|    931 |   1064 |
|    932 |   1137 |
|    933 |    216 |
|    934 |    520 |
|    935 |    564 |
|    936 |   1477 |
|    937 |    339 |
|    938 |    168 |
|    939 |    462 |
|    940 |    769 |
|    941 |    772 |
|    942 |    848 |
|    943 |    936 |
|    944 |    564 |
|    945 |    797 |
|    946 |    933 |
|    947 |   1435 |
|    948 |   1323 |
|    949 |   1132 |
|    950 |   1217 |
|    951 |    916 |
|    952 |    693 |
|    953 |   1304 |
|    954 |    567 |
|    955 |   1134 |
|    956 |    791 |
|    957 |    232 |
|    958 |    903 |
|    959 |   1367 |
|    960 |    589 |
|    961 |    940 |
|    962 |    841 |
|    963 |   1434 |
|    964 |   1431 |
|    965 |    638 |
|    966 |    574 |
|    967 |    362 |
|    968 |    379 |
|    969 |    971 |
|    970 |   1110 |
|    971 |    952 |
|    972 |    656 |
|    973 |    796 |
|    974 |    349 |
|    975 |    208 |
|    976 |    955 |
|    977 |    308 |
|    978 |    523 |
|    979 |   1371 |
|    980 |    384 |
|    981 |    309 |
|    982 |   1008 |
|    983 |    247 |
|    984 |    479 |
|    985 |    280 |
|    986 |   1344 |
|    987 |    478 |
|    988 |    812 |
|    989 |    993 |
|    990 |    600 |
|    991 |    341 |
|    992 |    515 |
|    993 |    954 |
|    994 |    839 |
|    995 |   1338 |
|    996 |    769 |
|    997 |   1189 |
|    998 |   1237 |
|    999 |    444 |
|   1000 |   1121 |
|   1001 |     86 |
|   1002 |    359 |
|   1003 |    779 |
|   1004 |    696 |
|   1005 |    488 |
|   1006 |   1126 |
|   1007 |    769 |
|   1008 |    537 |
|   1009 |   1109 |
|   1010 |    208 |
|   1011 |   1159 |
|   1012 |    590 |
|   1013 |    164 |
|   1014 |   1326 |
|   1015 |   1398 |
|   1016 |    450 |
|   1017 |    208 |
|   1018 |    733 |
|   1019 |   1328 |
|   1020 |    431 |
|   1021 |    562 |
|   1022 |    164 |
|   1023 |   1450 |
|   1024 |   1058 |
|   1025 |    310 |
|   1026 |   1146 |
|   1027 |    720 |
|   1028 |   1338 |
|   1029 |    760 |
|   1030 |   1084 |
|   1031 |    599 |
|   1032 |    802 |
|   1033 |    314 |
|   1034 |    548 |
|   1035 |   1221 |
|   1036 |   1360 |
|   1037 |    552 |
|   1038 |   1020 |
|   1039 |    998 |
|   1040 |   1323 |
|   1041 |    120 |
|   1042 |    756 |
|   1043 |    829 |
|   1044 |    295 |
|   1045 |    926 |
|   1046 |    627 |
|   1047 |   1173 |
|   1048 |    614 |
|   1049 |    252 |
|   1050 |    824 |
|   1051 |    853 |
|   1052 |   1278 |
|   1053 |   1301 |
|   1054 |   1412 |
|   1055 |    863 |
|   1056 |   1233 |
|   1057 |     81 |
|   1058 |   1436 |
|   1059 |    458 |
|   1060 |   1062 |
|   1061 |    145 |
|   1062 |   1099 |
|   1063 |    102 |
|   1064 |    699 |
|   1065 |   1407 |
|   1066 |    333 |
|   1067 |    947 |
|   1068 |    719 |
|   1069 |    165 |
|   1070 |    514 |
|   1071 |    553 |
|   1072 |    658 |
|   1073 |   1256 |
|   1074 |    724 |
|   1075 |   1417 |
|   1076 |    597 |
|   1077 |   1329 |
|   1078 |   1028 |
|   1079 |    881 |
|   1080 |   1273 |
|   1081 |    390 |
|   1082 |   1183 |
|   1083 |   1362 |
|   1084 |   1328 |
|   1085 |    440 |
|   1086 |    525 |
|   1087 |   1304 |
|   1088 |   1291 |
|   1089 |    321 |
|   1090 |   1272 |
|   1091 |   1215 |
|   1092 |    161 |
|   1093 |    342 |
|   1094 |   1411 |
|   1095 |    282 |
|   1096 |    197 |
|   1097 |   1051 |
|   1098 |    389 |
|   1099 |   1215 |
|   1100 |   1243 |
|   1101 |    962 |
|   1102 |   1147 |
|   1103 |    366 |
|   1104 |    323 |
|   1105 |     89 |
|   1106 |   1208 |
|   1107 |    152 |
|   1108 |    647 |
|   1109 |    433 |
|   1110 |   1292 |
|   1111 |    407 |
|   1112 |    602 |
|   1113 |    217 |
|   1114 |   1426 |
|   1115 |    784 |
|   1116 |    282 |
|   1117 |     73 |
|   1118 |    137 |
|   1119 |    833 |
|   1120 |    326 |
|   1121 |   1043 |
|   1122 |   1253 |
|   1123 |    577 |
|   1124 |    367 |
|   1125 |   1136 |
|   1126 |    307 |
|   1127 |    859 |
|   1128 |   1439 |
|   1129 |    987 |
|   1130 |   1038 |
|   1131 |    230 |
|   1132 |    325 |
|   1133 |    196 |
|   1134 |    129 |
|   1135 |   1284 |
|   1136 |   1165 |
|   1137 |    849 |
|   1138 |    843 |
|   1139 |    616 |
|   1140 |    615 |
|   1141 |    791 |
|   1142 |   1113 |
|   1143 |    855 |
|   1144 |   1192 |
|   1145 |   1449 |
|   1146 |    396 |
|   1147 |    745 |
|   1148 |    666 |
|   1149 |    738 |
|   1150 |    997 |
|   1151 |    375 |
|   1152 |   1096 |
|   1153 |   1168 |
|   1154 |   1338 |
|   1155 |   1373 |
|   1156 |     88 |
|   1157 |    105 |
|   1158 |   1078 |
|   1159 |   1415 |
|   1160 |   1443 |
|   1161 |   1446 |
|   1162 |    908 |
|   1163 |    815 |
|   1164 |   1391 |
|   1165 |   1341 |
|   1166 |    389 |
|   1167 |    834 |
|   1168 |    874 |
|   1169 |    802 |
|   1170 |    271 |
|   1171 |    544 |
|   1172 |    554 |
|   1173 |   1394 |
|   1174 |   1210 |
|   1175 |    453 |
|   1176 |   1454 |
|   1177 |    957 |
|   1178 |    797 |
|   1179 |    509 |
|   1180 |   1430 |
|   1181 |    470 |
|   1182 |   1085 |
|   1183 |    922 |
|   1184 |    958 |
|   1185 |   1409 |
|   1186 |   1112 |
|   1187 |    127 |
|   1188 |    165 |
|   1189 |   1198 |
|   1190 |    376 |
|   1191 |    827 |
|   1192 |   1456 |
|   1193 |   1047 |
|   1194 |   1424 |
|   1195 |   1394 |
|   1196 |   1339 |
|   1197 |   1242 |
|   1198 |   1352 |
|   1199 |    511 |
|   1200 |   1437 |
|   1201 |    372 |
|   1202 |    205 |
|   1203 |    804 |
|   1204 |    182 |
|   1205 |     74 |
|   1206 |   1037 |
|   1207 |    155 |
|   1208 |   1262 |
|   1209 |    699 |
|   1210 |   1055 |
|   1211 |    438 |
|   1212 |   1446 |
|   1213 |    553 |
|   1214 |    608 |
|   1215 |   1479 |
|   1216 |    323 |
|   1217 |    740 |
|   1218 |   1329 |
|   1219 |   1408 |
|   1220 |    512 |
|   1221 |    172 |
|   1222 |    577 |
|   1223 |    838 |
|   1224 |     66 |
|   1225 |   1086 |
|   1226 |   1253 |
|   1227 |    325 |
|   1228 |    648 |
|   1229 |    395 |
|   1230 |    247 |
|   1231 |    417 |
|   1232 |   1340 |
|   1233 |    218 |
|   1234 |    933 |
|   1235 |     55 |
|   1236 |   1273 |
|   1237 |   1105 |
|   1238 |    689 |
|   1239 |    319 |
|   1240 |     56 |
|   1241 |    980 |
|   1242 |    636 |
|   1243 |    466 |
|   1244 |    515 |
|   1245 |    398 |
|   1246 |    299 |
|   1247 |   1340 |
|   1248 |    398 |
|   1249 |    329 |
|   1250 |    858 |
|   1251 |    971 |
|   1252 |    964 |
|   1253 |     88 |
|   1254 |    437 |
|   1255 |    934 |
|   1256 |    958 |
|   1257 |    270 |
|   1258 |    128 |
|   1259 |   1058 |
|   1260 |    562 |
|   1261 |   1395 |
|   1262 |   1356 |
|   1263 |    223 |
|   1264 |    735 |
|   1265 |   1256 |
|   1266 |    308 |
|   1267 |   1436 |
|   1268 |    764 |
|   1269 |    724 |
|   1270 |    695 |
|   1271 |    561 |
|   1272 |   1074 |
|   1273 |   1217 |
|   1274 |   1432 |
|   1275 |   1480 |
|   1276 |    845 |
|   1277 |   1027 |
|   1278 |    933 |
|   1279 |     83 |
|   1280 |    276 |
|   1281 |   1403 |
|   1282 |    197 |
|   1283 |   1393 |
|   1284 |   1406 |
|   1285 |   1065 |
|   1286 |   1250 |
|   1287 |    574 |
|   1288 |   1011 |
|   1289 |   1294 |
|   1290 |    168 |
|   1291 |    423 |
|   1292 |    448 |
|   1293 |    727 |
|   1294 |    324 |
|   1295 |   1387 |
|   1296 |   1289 |
|   1297 |   1263 |
|   1298 |    704 |
|   1299 |    986 |
|   1300 |   1298 |
|   1301 |   1191 |
|   1302 |    224 |
|   1303 |   1475 |
|   1304 |    227 |
|   1305 |   1434 |
|   1306 |    843 |
|   1307 |    886 |
|   1308 |   1205 |
|   1309 |    207 |
|   1310 |     52 |
|   1311 |   1278 |
|   1312 |   1177 |
|   1313 |    220 |
|   1314 |    420 |
|   1315 |    330 |
|   1316 |    413 |
|   1317 |    108 |
|   1318 |    229 |
|   1319 |    681 |
|   1320 |    522 |
|   1321 |    960 |
|   1322 |    658 |
|   1323 |   1085 |
|   1324 |    736 |
|   1325 |    712 |
|   1326 |    312 |
|   1327 |    391 |
|   1328 |    562 |
|   1329 |    759 |
|   1330 |    182 |
|   1331 |   1272 |
|   1332 |    417 |
|   1333 |    984 |
|   1334 |    404 |
|   1335 |    267 |
|   1336 |    156 |
|   1337 |   1306 |
|   1338 |    652 |
|   1339 |   1477 |
|   1340 |    108 |
|   1341 |    966 |
|   1342 |    984 |
|   1343 |    181 |
|   1344 |   1164 |
|   1345 |    244 |
|   1346 |    389 |
|   1347 |   1447 |
|   1348 |    911 |
|   1349 |   1464 |
|   1350 |   1198 |
|   1351 |   1409 |
|   1352 |    929 |
|   1353 |     60 |
|   1354 |   1389 |
|   1355 |   1005 |
|   1356 |   1203 |
|   1357 |   1073 |
|   1358 |   1240 |
|   1359 |   1083 |
|   1360 |    455 |
|   1361 |    301 |
|   1362 |    591 |
|   1363 |    875 |
|   1364 |    822 |
|   1365 |    967 |
|   1366 |    895 |
|   1367 |   1018 |
|   1368 |   1213 |
|   1369 |    911 |
|   1370 |   1458 |
|   1371 |    411 |
|   1372 |    448 |
|   1373 |   1104 |
|   1374 |   1222 |
|   1375 |   1222 |
|   1376 |     97 |
|   1377 |    581 |
|   1378 |    947 |
|   1379 |    335 |
|   1380 |    876 |
|   1381 |    556 |
|   1382 |   1134 |
|   1383 |   1053 |
|   1384 |   1039 |
|   1385 |    218 |
|   1386 |    437 |
|   1387 |   1489 |
|   1388 |    102 |
|   1389 |    824 |
|   1390 |   1153 |
|   1391 |   1026 |
|   1392 |   1452 |
|   1393 |    810 |
|   1394 |    899 |
|   1395 |    316 |
|   1396 |   1291 |
|   1397 |    865 |
|   1398 |    492 |
|   1399 |    184 |
|   1400 |    270 |
|   1401 |    184 |
|   1402 |    628 |
|   1403 |   1106 |
|   1404 |   1106 |
|   1405 |    499 |
|   1406 |    220 |
|   1407 |   1329 |
|   1408 |   1442 |
|   1409 |   1147 |
|   1410 |   1150 |
|   1411 |    695 |
|   1412 |    389 |
|   1413 |   1216 |
|   1414 |    117 |
|   1415 |    160 |
|   1416 |    548 |
|   1417 |   1210 |
|   1418 |    315 |
|   1419 |    889 |
|   1420 |    632 |
|   1421 |    559 |
|   1422 |    266 |
|   1423 |    830 |
|   1424 |   1455 |
|   1425 |   1464 |
|   1426 |   1100 |
|   1427 |    349 |
|   1428 |   1165 |
|   1429 |   1453 |
|   1430 |    725 |
|   1431 |   1182 |
|   1432 |    141 |
|   1433 |   1210 |
|   1434 |    744 |
|   1435 |   1398 |
|   1436 |    713 |
|   1437 |    677 |
|   1438 |    602 |
|   1439 |   1472 |
|   1440 |    242 |
|   1441 |     87 |
|   1442 |   1417 |
|   1443 |   1054 |
|   1444 |    278 |
|   1445 |   1010 |
|   1446 |   1192 |
|   1447 |    262 |
|   1448 |   1157 |
|   1449 |    899 |
|   1450 |    990 |
|   1451 |   1309 |
|   1452 |    740 |
|   1453 |    306 |
|   1454 |    823 |
|   1455 |    698 |
|   1456 |    935 |
|   1457 |     98 |
|   1458 |   1112 |
|   1459 |    751 |
|   1460 |    271 |
|   1461 |   1263 |
|   1462 |    585 |
|   1463 |    794 |
|   1464 |    632 |
|   1465 |    740 |
|   1466 |   1382 |
|   1467 |   1213 |
|   1468 |     61 |
|   1469 |    372 |
|   1470 |    471 |
|   1471 |   1499 |
|   1472 |    785 |
|   1473 |    499 |
|   1474 |    874 |
|   1475 |    438 |
|   1476 |    443 |
|   1477 |    749 |
|   1478 |   1167 |
|   1479 |    628 |
|   1480 |    886 |
|   1481 |    649 |
|   1482 |    694 |
|   1483 |    267 |
|   1484 |   1353 |
|   1485 |    827 |
|   1486 |    323 |
|   1487 |    643 |
|   1488 |    869 |
|   1489 |     74 |
|   1490 |    346 |
|   1491 |    604 |
|   1492 |    938 |
|   1493 |    280 |
|   1494 |    827 |
|   1495 |    694 |
|   1496 |   1383 |
|   1497 |     90 |
|   1498 |    481 |
|   1499 |   1480 |
|   1500 |   1389 |
|   1501 |    889 |
|   1502 |   1142 |
|   1503 |    277 |
|   1504 |   1334 |
|   1505 |    645 |
|   1506 |    765 |
|   1507 |   1401 |
|   1508 |   1353 |
|   1509 |   1103 |
|   1510 |    217 |
|   1511 |    361 |
|   1512 |   1388 |
|   1513 |    537 |
|   1514 |    829 |
|   1515 |   1363 |
|   1516 |   1153 |
|   1517 |    506 |
|   1518 |    386 |
|   1519 |    456 |
|   1520 |   1423 |
|   1521 |   1069 |
|   1522 |    509 |
|   1523 |   1133 |
|   1524 |    211 |
|   1525 |   1378 |
|   1526 |   1272 |
|   1527 |    175 |
|   1528 |    218 |
|   1529 |   1131 |
|   1530 |    463 |
|   1531 |    334 |
|   1532 |    560 |
|   1533 |    955 |
|   1534 |    328 |
|   1535 |    881 |
|   1536 |     98 |
|   1537 |   1163 |
|   1538 |   1443 |
|   1539 |   1489 |
|   1540 |   1432 |
|   1541 |   1116 |
|   1542 |    922 |
|   1543 |   1174 |
|   1544 |   1454 |
|   1545 |    374 |
|   1546 |   1326 |
|   1547 |    212 |
|   1548 |    902 |
|   1549 |     91 |
|   1550 |   1117 |
|   1551 |   1044 |
|   1552 |    453 |
|   1553 |    784 |
|   1554 |    795 |
|   1555 |     57 |
|   1556 |    502 |
|   1557 |    448 |
|   1558 |    138 |
|   1559 |    368 |
|   1560 |    780 |
|   1561 |   1281 |
|   1562 |   1425 |
|   1563 |   1219 |
|   1564 |    170 |
|   1565 |    740 |
|   1566 |    948 |
|   1567 |    732 |
|   1568 |   1208 |
|   1569 |    213 |
|   1570 |    235 |
|   1571 |    296 |
|   1572 |    235 |
|   1573 |   1378 |
|   1574 |    671 |
|   1575 |    906 |
|   1576 |    731 |
|   1577 |     54 |
|   1578 |   1052 |
|   1579 |     90 |
|   1580 |    200 |
|   1581 |   1208 |
|   1582 |    632 |
|   1583 |    446 |
|   1584 |   1352 |
|   1585 |    598 |
|   1586 |   1203 |
|   1587 |    292 |
|   1588 |    333 |
|   1589 |   1277 |
|   1590 |    425 |
|   1591 |    551 |
|   1592 |    548 |
|   1593 |    927 |
|   1594 |   1209 |
|   1595 |    414 |
|   1596 |   1355 |
|   1597 |    860 |
|   1598 |    720 |
|   1599 |    786 |
|   1600 |    104 |
|   1601 |    943 |
|   1602 |   1175 |
|   1603 |   1477 |
|   1604 |   1206 |
|   1605 |    742 |
|   1606 |   1431 |
|   1607 |   1200 |
|   1608 |    685 |
|   1609 |   1441 |
|   1610 |    634 |
|   1611 |    737 |
|   1612 |    689 |
|   1613 |   1392 |
|   1614 |    604 |
|   1615 |    678 |
|   1616 |   1356 |
|   1617 |     75 |
|   1618 |   1192 |
|   1619 |    662 |
|   1620 |   1057 |
|   1621 |    254 |
|   1622 |    868 |
|   1623 |    109 |
|   1624 |    449 |
|   1625 |   1199 |
|   1626 |    159 |
|   1627 |    711 |
|   1628 |    158 |
|   1629 |    976 |
|   1630 |    535 |
|   1631 |    537 |
|   1632 |    886 |
|   1633 |    562 |
|   1634 |   1091 |
|   1635 |    813 |
|   1636 |    676 |
|   1637 |    818 |
|   1638 |    157 |
|   1639 |    724 |
|   1640 |    886 |
|   1641 |   1101 |
|   1642 |    577 |
|   1643 |    531 |
|   1644 |   1323 |
|   1645 |    241 |
|   1646 |    905 |
|   1647 |    961 |
|   1648 |    853 |
|   1649 |    403 |
|   1650 |   1364 |
|   1651 |    236 |
|   1652 |    756 |
|   1653 |    867 |
|   1654 |    695 |
|   1655 |    384 |
|   1656 |    133 |
|   1657 |   1198 |
|   1658 |    763 |
|   1659 |   1350 |
|   1660 |    182 |
|   1661 |    386 |
|   1662 |    976 |
|   1663 |    879 |
|   1664 |    832 |
|   1665 |   1223 |
|   1666 |   1357 |
|   1667 |    350 |
|   1668 |    680 |
|   1669 |   1047 |
|   1670 |   1191 |
|   1671 |    383 |
|   1672 |   1170 |
|   1673 |    846 |
|   1674 |    322 |
|   1675 |   1381 |
|   1676 |   1499 |
|   1677 |    557 |
|   1678 |    770 |
|   1679 |     70 |
|   1680 |    179 |
|   1681 |   1361 |
|   1682 |    642 |
|   1683 |     59 |
|   1684 |    801 |
|   1685 |   1101 |
|   1686 |     52 |
|   1687 |   1352 |
|   1688 |    742 |
|   1689 |     55 |
|   1690 |    886 |
|   1691 |   1233 |
|   1692 |    517 |
|   1693 |   1065 |
|   1694 |    734 |
|   1695 |    537 |
|   1696 |   1493 |
|   1697 |    161 |
|   1698 |    681 |
|   1699 |    637 |
|   1700 |   1172 |
|   1701 |    726 |
|   1702 |    749 |
|   1703 |   1392 |
|   1704 |    484 |
|   1705 |    276 |
|   1706 |   1278 |
|   1707 |   1106 |
|   1708 |    406 |
|   1709 |    109 |
|   1710 |   1296 |
|   1711 |   1470 |
|   1712 |    200 |
|   1713 |    823 |
|   1714 |    964 |
|   1715 |    557 |
|   1716 |   1115 |
|   1717 |   1228 |
|   1718 |    671 |
|   1719 |   1120 |
|   1720 |   1439 |
|   1721 |   1107 |
|   1722 |   1323 |
|   1723 |    959 |
|   1724 |   1492 |
|   1725 |    865 |
|   1726 |    316 |
|   1727 |   1125 |
|   1728 |    988 |
|   1729 |   1277 |
|   1730 |   1201 |
|   1731 |   1230 |
|   1732 |    466 |
|   1733 |   1491 |
|   1734 |   1319 |
|   1735 |   1424 |
|   1736 |    850 |
|   1737 |   1117 |
|   1738 |   1330 |
|   1739 |   1309 |
|   1740 |   1457 |
|   1741 |    594 |
|   1742 |    492 |
|   1743 |    415 |
|   1744 |     58 |
|   1745 |    821 |
|   1746 |    843 |
|   1747 |    361 |
|   1748 |    892 |
|   1749 |    451 |
|   1750 |    561 |
|   1751 |    951 |
|   1752 |    140 |
|   1753 |    911 |
|   1754 |    498 |
|   1755 |    950 |
|   1756 |   1428 |
|   1757 |    196 |
|   1758 |    971 |
|   1759 |   1497 |
|   1760 |    850 |
|   1761 |    349 |
|   1762 |    807 |
|   1763 |   1319 |
|   1764 |     52 |
|   1765 |   1247 |
|   1766 |    324 |
|   1767 |    220 |
|   1768 |   1254 |
|   1769 |    952 |
|   1770 |    511 |
|   1771 |    275 |
|   1772 |   1030 |
|   1773 |    342 |
|   1774 |    217 |
|   1775 |   1100 |
|   1776 |    496 |
|   1777 |    619 |
|   1778 |    824 |
|   1779 |   1414 |
|   1780 |   1183 |
|   1781 |   1050 |
|   1782 |    418 |
|   1783 |    871 |
|   1784 |    302 |
|   1785 |   1237 |
|   1786 |    958 |
|   1787 |   1018 |
|   1788 |    682 |
|   1789 |    828 |
|   1790 |    832 |
|   1791 |   1143 |
|   1792 |    225 |
|   1793 |   1330 |
|   1794 |    319 |
|   1795 |    582 |
|   1796 |   1019 |
|   1797 |    234 |
|   1798 |    462 |
|   1799 |    514 |
|   1800 |   1134 |
|   1801 |    793 |
|   1802 |   1495 |
|   1803 |    875 |
|   1804 |   1398 |
|   1805 |    178 |
|   1806 |   1182 |
|   1807 |    156 |
|   1808 |    109 |
|   1809 |    876 |
|   1810 |    291 |
|   1811 |    586 |
|   1812 |    989 |
|   1813 |    673 |
|   1814 |   1090 |
|   1815 |    151 |
|   1816 |    348 |
|   1817 |   1308 |
|   1818 |    438 |
|   1819 |   1246 |
|   1820 |    179 |
|   1821 |   1216 |
|   1822 |   1465 |
|   1823 |    992 |
|   1824 |   1127 |
|   1825 |    147 |
|   1826 |    373 |
|   1827 |   1400 |
|   1828 |    568 |
|   1829 |    565 |
|   1830 |    230 |
|   1831 |     52 |
|   1832 |    708 |
|   1833 |    966 |
|   1834 |   1447 |
|   1835 |   1486 |
|   1836 |    467 |
|   1837 |   1425 |
|   1838 |   1378 |
|   1839 |    206 |
|   1840 |    610 |
|   1841 |    161 |
|   1842 |   1426 |
|   1843 |   1292 |
|   1844 |   1475 |
|   1845 |    650 |
|   1846 |    217 |
|   1847 |   1489 |
|   1848 |   1370 |
|   1849 |    563 |
|   1850 |    617 |
|   1851 |    239 |
|   1852 |    861 |
|   1853 |   1189 |
|   1854 |    244 |
|   1855 |    415 |
|   1856 |     81 |
|   1857 |    382 |
|   1858 |    573 |
|   1859 |   1113 |
|   1860 |    923 |
|   1861 |   1252 |
|   1862 |   1140 |
|   1863 |   1015 |
|   1864 |   1237 |
|   1865 |    104 |
|   1866 |   1282 |
|   1867 |   1020 |
|   1868 |   1461 |
|   1869 |    473 |
|   1870 |    551 |
|   1871 |   1435 |
|   1872 |   1443 |
|   1873 |    222 |
|   1874 |   1169 |
|   1875 |    724 |
|   1876 |   1277 |
|   1877 |   1470 |
|   1878 |   1263 |
|   1879 |    175 |
|   1880 |    524 |
|   1881 |    946 |
|   1882 |    474 |
|   1883 |     64 |
|   1884 |   1358 |
|   1885 |   1213 |
|   1886 |   1336 |
|   1887 |    632 |
|   1888 |    412 |
|   1889 |   1399 |
|   1890 |   1350 |
|   1891 |    919 |
|   1892 |   1145 |
|   1893 |    466 |
|   1894 |    834 |
|   1895 |    893 |
|   1896 |   1078 |
|   1897 |    275 |
|   1898 |    272 |
|   1899 |    693 |
|   1900 |   1099 |
|   1901 |   1190 |
|   1902 |    294 |
|   1903 |   1344 |
|   1904 |   1070 |
|   1905 |    229 |
|   1906 |   1161 |
|   1907 |   1313 |
|   1908 |    247 |
|   1909 |   1210 |
|   1910 |    647 |
|   1911 |    877 |
|   1912 |    929 |
|   1913 |   1343 |
|   1914 |    261 |
|   1915 |   1456 |
|   1916 |    766 |
|   1917 |   1036 |
|   1918 |    936 |
|   1919 |    449 |
|   1920 |   1464 |
|   1921 |    575 |
|   1922 |    152 |
|   1923 |     73 |
|   1924 |   1027 |
|   1925 |    265 |
|   1926 |   1061 |
|   1927 |    952 |
|   1928 |    354 |
|   1929 |    865 |
|   1930 |   1480 |
|   1931 |    217 |
|   1932 |    963 |
|   1933 |   1082 |
|   1934 |    952 |
|   1935 |    458 |
|   1936 |    635 |
|   1937 |   1315 |
|   1938 |    778 |
|   1939 |    143 |
|   1940 |    587 |
|   1941 |    627 |
|   1942 |   1242 |
|   1943 |    275 |
|   1944 |   1241 |
|   1945 |   1355 |
|   1946 |    247 |
|   1947 |   1131 |
|   1948 |    433 |
|   1949 |   1381 |
|   1950 |    864 |
|   1951 |    387 |
|   1952 |    761 |
|   1953 |    778 |
|   1954 |    275 |
|   1955 |    875 |
|   1956 |    795 |
|   1957 |    427 |
|   1958 |    969 |
|   1959 |    122 |
|   1960 |   1203 |
|   1961 |    149 |
|   1962 |    610 |
|   1963 |   1169 |
|   1964 |    442 |
|   1965 |     73 |
|   1966 |    461 |
|   1967 |   1235 |
|   1968 |    463 |
|   1969 |    743 |
|   1970 |    521 |
|   1971 |   1021 |
|   1972 |   1124 |
|   1973 |    360 |
|   1974 |    315 |
|   1975 |   1227 |
|   1976 |    622 |
|   1977 |   1027 |
|   1978 |    877 |
|   1979 |   1054 |
|   1980 |    313 |
|   1981 |   1294 |
|   1982 |   1490 |
|   1983 |    899 |
|   1984 |   1123 |
|   1985 |   1287 |
|   1986 |   1263 |
|   1987 |    287 |
|   1988 |    630 |
|   1989 |    913 |
|   1990 |    278 |
|   1991 |    663 |
|   1992 |    340 |
|   1993 |   1213 |
|   1994 |   1383 |
|   1995 |    882 |
|   1996 |    605 |
|   1997 |    142 |
|   1998 |    809 |
|   1999 |   1058 |
|   2000 |    168 |
|   2001 |   1368 |
|   2002 |    505 |
|   2003 |    161 |
|   2004 |   1423 |
|   2005 |    382 |
|   2006 |    340 |
|   2007 |    617 |
|   2008 |   1132 |
|   2009 |    103 |
|   2010 |    906 |
|   2011 |    407 |
|   2012 |   1291 |
|   2013 |    316 |
|   2014 |    486 |
|   2015 |    717 |
|   2016 |    696 |
|   2017 |    810 |
|   2018 |    494 |
|   2019 |    472 |
|   2020 |   1195 |
|   2021 |    397 |
|   2022 |     56 |
|   2023 |   1088 |
|   2024 |    320 |
|   2025 |    809 |
|   2026 |    324 |
|   2027 |    443 |
|   2028 |   1282 |
|   2029 |    710 |
|   2030 |   1303 |
|   2031 |    389 |
|   2032 |    750 |
|   2033 |    231 |
|   2034 |    491 |
|   2035 |    466 |
|   2036 |   1206 |
|   2037 |   1285 |
|   2038 |   1342 |
|   2039 |   1286 |
|   2040 |   1376 |
|   2041 |     77 |
|   2042 |   1412 |
|   2043 |   1283 |
|   2044 |   1272 |
|   2045 |    735 |
|   2046 |    765 |
|   2047 |    447 |
|   2048 |    225 |
|   2049 |    578 |
|   2050 |    174 |
|   2051 |   1269 |
|   2052 |    633 |
|   2053 |   1020 |
|   2054 |    116 |
|   2055 |   1326 |
|   2056 |    616 |
|   2057 |    965 |
|   2058 |    750 |
|   2059 |   1080 |
|   2060 |    808 |
|   2061 |    820 |
|   2062 |    626 |
|   2063 |   1051 |
|   2064 |   1289 |
|   2065 |    882 |
|   2066 |    558 |
|   2067 |    370 |
|   2068 |    387 |
|   2069 |    921 |
|   2070 |    502 |
|   2071 |    742 |
|   2072 |    830 |
|   2073 |    862 |
|   2074 |    988 |
|   2075 |   1097 |
|   2076 |   1388 |
|   2077 |   1161 |
|   2078 |   1486 |
|   2079 |    250 |
|   2080 |   1199 |
|   2081 |    476 |
|   2082 |    159 |
|   2083 |   1476 |
|   2084 |     55 |
|   2085 |    658 |
|   2086 |   1105 |
|   2087 |    496 |
|   2088 |    258 |
|   2089 |   1350 |
|   2090 |     68 |
|   2091 |    448 |
|   2092 |   1197 |
|   2093 |    838 |
|   2094 |   1093 |
|   2095 |    132 |
|   2096 |     51 |
|   2097 |    259 |
|   2098 |     52 |
|   2099 |   1329 |
|   2100 |    724 |
|   2101 |    325 |
|   2102 |    932 |
|   2103 |   1298 |
|   2104 |    871 |
|   2105 |   1429 |
|   2106 |     79 |
|   2107 |    779 |
|   2108 |    636 |
|   2109 |   1193 |
|   2110 |   1128 |
|   2111 |    663 |
|   2112 |   1155 |
|   2113 |    974 |
|   2114 |    660 |
|   2115 |    518 |
|   2116 |   1498 |
|   2117 |   1317 |
|   2118 |    644 |
|   2119 |   1125 |
|   2120 |    847 |
|   2121 |    143 |
|   2122 |    951 |
|   2123 |    561 |
|   2124 |    145 |
|   2125 |    476 |
|   2126 |    682 |
|   2127 |    678 |
|   2128 |    231 |
|   2129 |    443 |
|   2130 |   1198 |
|   2131 |     61 |
|   2132 |   1165 |
|   2133 |   1451 |
|   2134 |    507 |
|   2135 |     58 |
|   2136 |    143 |
|   2137 |   1457 |
|   2138 |    414 |
|   2139 |    916 |
|   2140 |   1354 |
|   2141 |    602 |
|   2142 |     50 |
|   2143 |    126 |
|   2144 |    320 |
|   2145 |    764 |
|   2146 |    759 |
|   2147 |    525 |
|   2148 |    662 |
|   2149 |   1002 |
|   2150 |   1435 |
|   2151 |    127 |
|   2152 |    489 |
|   2153 |    861 |
|   2154 |    459 |
|   2155 |   1424 |
|   2156 |    322 |
|   2157 |    406 |
|   2158 |    671 |
|   2159 |    400 |
|   2160 |    492 |
|   2161 |    191 |
|   2162 |    890 |
|   2163 |    761 |
|   2164 |    187 |
|   2165 |    294 |
|   2166 |    632 |
|   2167 |    433 |
|   2168 |    628 |
|   2169 |    186 |
|   2170 |    902 |
|   2171 |   1129 |
|   2172 |    275 |
|   2173 |    511 |
|   2174 |   1297 |
|   2175 |    861 |
|   2176 |    885 |
|   2177 |    350 |
|   2178 |   1006 |
|   2179 |    527 |
|   2180 |   1033 |
|   2181 |    132 |
|   2182 |   1392 |
|   2183 |    112 |
|   2184 |   1294 |
|   2185 |   1237 |
|   2186 |    513 |
|   2187 |    719 |
|   2188 |   1119 |
|   2189 |   1128 |
|   2190 |    307 |
|   2191 |    239 |
|   2192 |    413 |
|   2193 |    814 |
|   2194 |    963 |
|   2195 |    663 |
|   2196 |   1067 |
|   2197 |    632 |
|   2198 |   1041 |
|   2199 |    934 |
|   2200 |   1306 |
|   2201 |   1052 |
|   2202 |    867 |
|   2203 |   1343 |
|   2204 |    299 |
|   2205 |    750 |
|   2206 |    459 |
|   2207 |   1130 |
|   2208 |    877 |
|   2209 |    298 |
|   2210 |    287 |
|   2211 |    905 |
|   2212 |   1315 |
|   2213 |   1351 |
|   2214 |   1225 |
|   2215 |    157 |
|   2216 |    960 |
|   2217 |    326 |
|   2218 |   1261 |
|   2219 |    801 |
|   2220 |   1286 |
|   2221 |   1317 |
|   2222 |    888 |
|   2223 |    930 |
|   2224 |    133 |
|   2225 |   1374 |
|   2226 |     50 |
|   2227 |    286 |
|   2228 |    675 |
|   2229 |    856 |
|   2230 |    417 |
|   2231 |    622 |
|   2232 |    876 |
|   2233 |    944 |
|   2234 |    855 |
|   2235 |    603 |
|   2236 |    910 |
|   2237 |   1424 |
|   2238 |    615 |
|   2239 |   1110 |
|   2240 |   1175 |
|   2241 |     75 |
|   2242 |    671 |
|   2243 |    158 |
|   2244 |    840 |
|   2245 |   1062 |
|   2246 |   1316 |
|   2247 |    967 |
|   2248 |    525 |
|   2249 |   1051 |
|   2250 |    362 |
|   2251 |   1035 |
|   2252 |   1490 |
|   2253 |    883 |
|   2254 |   1089 |
|   2255 |    601 |
|   2256 |    152 |
|   2257 |    544 |
|   2258 |    979 |
|   2259 |     64 |
|   2260 |   1102 |
|   2261 |   1355 |
|   2262 |   1283 |
|   2263 |   1063 |
|   2264 |    410 |
|   2265 |   1054 |
|   2266 |   1363 |
|   2267 |    730 |
|   2268 |   1403 |
|   2269 |   1325 |
|   2270 |   1253 |
|   2271 |    476 |
|   2272 |    942 |
|   2273 |    632 |
|   2274 |    818 |
|   2275 |   1054 |
|   2276 |    402 |
|   2277 |    539 |
|   2278 |    183 |
|   2279 |    761 |
|   2280 |    996 |
|   2281 |    126 |
|   2282 |    607 |
|   2283 |   1234 |
|   2284 |   1418 |
|   2285 |    212 |
|   2286 |   1156 |
|   2287 |    183 |
|   2288 |    715 |
|   2289 |    818 |
|   2290 |   1039 |
|   2291 |   1190 |
|   2292 |    689 |
|   2293 |   1340 |
|   2294 |   1497 |
|   2295 |   1374 |
|   2296 |    907 |
|   2297 |   1160 |
|   2298 |   1009 |
|   2299 |   1345 |
|   2300 |    597 |
|   2301 |   1092 |
|   2302 |   1224 |
|   2303 |    612 |
|   2304 |   1321 |
|   2305 |    193 |
|   2306 |   1035 |
|   2307 |    348 |
|   2308 |    873 |
|   2309 |    313 |
|   2310 |   1122 |
|   2311 |     82 |
|   2312 |    379 |
|   2313 |   1148 |
|   2314 |    820 |
|   2315 |    567 |
|   2316 |    440 |
|   2317 |    429 |
|   2318 |     68 |
|   2319 |    413 |
|   2320 |    766 |
|   2321 |    139 |
|   2322 |   1232 |
|   2323 |    370 |
|   2324 |    534 |
|   2325 |    699 |
|   2326 |    551 |
|   2327 |    162 |
|   2328 |   1305 |
|   2329 |    813 |
|   2330 |   1345 |
|   2331 |   1467 |
|   2332 |    209 |
|   2333 |    337 |
|   2334 |   1322 |
|   2335 |   1296 |
|   2336 |    443 |
|   2337 |   1247 |
|   2338 |   1130 |
|   2339 |    106 |
|   2340 |    318 |
|   2341 |    907 |
|   2342 |    496 |
|   2343 |   1225 |
|   2344 |    418 |
|   2345 |   1011 |
|   2346 |   1198 |
|   2347 |   1098 |
|   2348 |    358 |
|   2349 |   1435 |
|   2350 |    680 |
|   2351 |     78 |
|   2352 |    342 |
|   2353 |   1185 |
|   2354 |    806 |
|   2355 |   1498 |
|   2356 |    529 |
|   2357 |   1030 |
|   2358 |    622 |
|   2359 |    406 |
|   2360 |    803 |
|   2361 |    551 |
|   2362 |    110 |
|   2363 |    261 |
|   2364 |    476 |
|   2365 |    217 |
|   2366 |    214 |
|   2367 |    662 |
|   2368 |    413 |
|   2369 |    392 |
|   2370 |   1485 |
|   2371 |    411 |
|   2372 |    481 |
|   2373 |    630 |
|   2374 |    491 |
|   2375 |     94 |
|   2376 |    408 |
|   2377 |    726 |
|   2378 |    289 |
|   2379 |    444 |
|   2380 |    334 |
|   2381 |    925 |
|   2382 |    416 |
|   2383 |   1382 |
|   2384 |    453 |
|   2385 |    833 |
|   2386 |    706 |
|   2387 |   1236 |
|   2388 |     73 |
|   2389 |    302 |
|   2390 |    411 |
|   2391 |    195 |
|   2392 |   1400 |
|   2393 |    665 |
|   2394 |   1225 |
|   2395 |    120 |
|   2396 |    743 |
|   2397 |    966 |
|   2398 |   1188 |
|   2399 |    499 |
|   2400 |    802 |
|   2401 |    548 |
|   2402 |    571 |
|   2403 |   1017 |
|   2404 |   1336 |
|   2405 |   1092 |
|   2406 |    168 |
|   2407 |   1175 |
|   2408 |     80 |
|   2409 |   1007 |
|   2410 |   1470 |
|   2411 |   1440 |
|   2412 |   1144 |
|   2413 |    925 |
|   2414 |    238 |
|   2415 |     90 |
|   2416 |   1352 |
|   2417 |    728 |
|   2418 |     80 |
|   2419 |   1272 |
|   2420 |   1255 |
|   2421 |     98 |
|   2422 |   1216 |
|   2423 |    383 |
|   2424 |    734 |
|   2425 |    621 |
|   2426 |    439 |
|   2427 |    667 |
|   2428 |    291 |
|   2429 |    689 |
|   2430 |   1048 |
|   2431 |    806 |
|   2432 |    483 |
|   2433 |    954 |
|   2434 |   1370 |
|   2435 |    956 |
|   2436 |   1488 |
|   2437 |   1348 |
|   2438 |    101 |
|   2439 |    435 |
|   2440 |    522 |
|   2441 |   1080 |
|   2442 |   1386 |
|   2443 |    140 |
|   2444 |     90 |
|   2445 |    158 |
|   2446 |    160 |
|   2447 |    894 |
|   2448 |    671 |
|   2449 |    437 |
|   2450 |     72 |
|   2451 |    797 |
|   2452 |    518 |
|   2453 |    124 |
|   2454 |    552 |
|   2455 |    282 |
|   2456 |   1000 |
|   2457 |   1063 |
|   2458 |    246 |
|   2459 |    481 |
|   2460 |    125 |
|   2461 |    841 |
|   2462 |   1112 |
|   2463 |    948 |
|   2464 |   1308 |
|   2465 |   1329 |
|   2466 |   1449 |
|   2467 |   1267 |
|   2468 |   1231 |
|   2469 |    522 |
|   2470 |   1346 |
|   2471 |   1130 |
|   2472 |    779 |
|   2473 |   1327 |
|   2474 |    346 |
|   2475 |    668 |
|   2476 |    156 |
|   2477 |     65 |
|   2478 |    265 |
|   2479 |    519 |
|   2480 |    475 |
|   2481 |    324 |
|   2482 |   1008 |
|   2483 |   1238 |
|   2484 |    640 |
|   2485 |   1404 |
|   2486 |     72 |
|   2487 |   1341 |
|   2488 |   1340 |
|   2489 |    874 |
|   2490 |   1249 |
|   2491 |    226 |
|   2492 |    983 |
|   2493 |    413 |
|   2494 |    229 |
|   2495 |   1091 |
|   2496 |    631 |
|   2497 |    823 |
|   2498 |   1050 |
|   2499 |   1292 |
|   2500 |    591 |
|   2501 |    357 |
|   2502 |    322 |
|   2503 |   1391 |
|   2504 |    699 |
|   2505 |   1146 |
|   2506 |    862 |
|   2507 |    477 |
|   2508 |   1291 |
|   2509 |   1051 |
|   2510 |   1212 |
|   2511 |    461 |
|   2512 |   1310 |
|   2513 |    802 |
|   2514 |    540 |
|   2515 |    903 |
|   2516 |     72 |
|   2517 |    952 |
|   2518 |    887 |
|   2519 |    833 |
|   2520 |    834 |
|   2521 |    761 |
|   2522 |    176 |
|   2523 |    884 |
|   2524 |    917 |
|   2525 |    737 |
|   2526 |   1407 |
|   2527 |   1370 |
|   2528 |    900 |
|   2529 |    481 |
|   2530 |   1168 |
|   2531 |   1205 |
|   2532 |   1417 |
|   2533 |    415 |
|   2534 |    417 |
|   2535 |    643 |
|   2536 |   1440 |
|   2537 |   1080 |
|   2538 |    217 |
|   2539 |   1142 |
|   2540 |    132 |
|   2541 |    700 |
|   2542 |    959 |
|   2543 |    570 |
|   2544 |    421 |
|   2545 |    680 |
|   2546 |   1122 |
|   2547 |    538 |
|   2548 |    960 |
|   2549 |    958 |
|   2550 |    485 |
|   2551 |   1292 |
|   2552 |    868 |
|   2553 |    765 |
|   2554 |    744 |
|   2555 |    943 |
|   2556 |    579 |
|   2557 |    308 |
|   2558 |    549 |
|   2559 |    906 |
|   2560 |    307 |
|   2561 |    402 |
|   2562 |    697 |
|   2563 |    499 |
|   2564 |    245 |
|   2565 |    373 |
|   2566 |    615 |
|   2567 |    146 |
|   2568 |    483 |
|   2569 |    765 |
|   2570 |   1494 |
|   2571 |   1196 |
|   2572 |   1491 |
|   2573 |    661 |
|   2574 |    967 |
|   2575 |    640 |
|   2576 |   1468 |
|   2577 |    712 |
|   2578 |    778 |
|   2579 |    875 |
|   2580 |    604 |
|   2581 |    430 |
|   2582 |    769 |
|   2583 |    373 |
|   2584 |   1452 |
|   2585 |   1400 |
|   2586 |   1149 |
|   2587 |    603 |
|   2588 |   1395 |
|   2589 |   1106 |
|   2590 |    146 |
|   2591 |   1479 |
|   2592 |   1183 |
|   2593 |     63 |
|   2594 |   1060 |
|   2595 |    904 |
|   2596 |    585 |
|   2597 |    539 |
|   2598 |    503 |
|   2599 |   1344 |
|   2600 |     51 |
|   2601 |   1095 |
|   2602 |    154 |
|   2603 |   1435 |
|   2604 |    546 |
|   2605 |     70 |
|   2606 |    435 |
|   2607 |   1164 |
|   2608 |    763 |
|   2609 |    372 |
|   2610 |    468 |
|   2611 |   1336 |
|   2612 |    271 |
|   2613 |    249 |
|   2614 |    507 |
|   2615 |    755 |
|   2616 |   1341 |
|   2617 |    195 |
|   2618 |    380 |
|   2619 |    913 |
|   2620 |    567 |
|   2621 |    850 |
|   2622 |    646 |
|   2623 |   1095 |
|   2624 |   1118 |
|   2625 |   1222 |
|   2626 |   1400 |
|   2627 |    879 |
|   2628 |    765 |
|   2629 |    697 |
|   2630 |    193 |
|   2631 |   1495 |
|   2632 |    600 |
|   2633 |   1474 |
|   2634 |    151 |
|   2635 |   1497 |
|   2636 |   1310 |
|   2637 |   1411 |
|   2638 |    765 |
|   2639 |    455 |
|   2640 |    598 |
|   2641 |    723 |
|   2642 |     55 |
|   2643 |    303 |
|   2644 |    823 |
|   2645 |    132 |
|   2646 |   1140 |
|   2647 |    640 |
|   2648 |    235 |
|   2649 |    383 |
|   2650 |    574 |
|   2651 |    678 |
|   2652 |    599 |
|   2653 |   1345 |
|   2654 |    836 |
|   2655 |    220 |
|   2656 |   1284 |
|   2657 |    674 |
|   2658 |   1250 |
|   2659 |    795 |
|   2660 |   1179 |
|   2661 |   1378 |
|   2662 |    840 |
|   2663 |    556 |
|   2664 |   1392 |
|   2665 |     69 |
|   2666 |    670 |
|   2667 |    576 |
|   2668 |    440 |
|   2669 |    326 |
|   2670 |    881 |
|   2671 |    503 |
|   2672 |   1104 |
|   2673 |    943 |
|   2674 |   1391 |
|   2675 |   1013 |
|   2676 |    377 |
|   2677 |    247 |
|   2678 |    944 |
|   2679 |   1061 |
|   2680 |    280 |
|   2681 |    177 |
|   2682 |    361 |
|   2683 |    866 |
|   2684 |    532 |
|   2685 |    557 |
|   2686 |   1144 |
|   2687 |   1111 |
|   2688 |    265 |
|   2689 |    906 |
|   2690 |    779 |
|   2691 |   1247 |
|   2692 |    362 |
|   2693 |   1032 |
|   2694 |   1054 |
|   2695 |    353 |
|   2696 |    541 |
|   2697 |     73 |
|   2698 |    918 |
|   2699 |    790 |
|   2700 |    760 |
|   2701 |   1190 |
|   2702 |    167 |
|   2703 |    161 |
|   2704 |    121 |
|   2705 |    355 |
|   2706 |    934 |
|   2707 |   1069 |
|   2708 |    796 |
|   2709 |    408 |
|   2710 |   1479 |
|   2711 |    752 |
|   2712 |    892 |
|   2713 |    967 |
|   2714 |    441 |
|   2715 |   1081 |
|   2716 |    857 |
|   2717 |    817 |
|   2718 |    706 |
|   2719 |    898 |
|   2720 |    255 |
|   2721 |    827 |
|   2722 |   1168 |
|   2723 |   1105 |
|   2724 |   1164 |
|   2725 |   1296 |
|   2726 |   1144 |
|   2727 |    825 |
|   2728 |   1225 |
|   2729 |    268 |
|   2730 |    409 |
|   2731 |   1175 |
|   2732 |   1270 |
|   2733 |    840 |
|   2734 |   1278 |
|   2735 |   1498 |
|   2736 |    269 |
|   2737 |   1316 |
|   2738 |    490 |
|   2739 |    555 |
|   2740 |    753 |
|   2741 |   1283 |
|   2742 |    577 |
|   2743 |    765 |
|   2744 |    617 |
|   2745 |    717 |
|   2746 |   1205 |
|   2747 |   1305 |
|   2748 |     87 |
|   2749 |    279 |
|   2750 |   1412 |
|   2751 |    636 |
|   2752 |    907 |
|   2753 |   1390 |
|   2754 |    746 |
|   2755 |    578 |
|   2756 |    748 |
|   2757 |    880 |
|   2758 |    508 |
|   2759 |    809 |
|   2760 |   1084 |
|   2761 |   1304 |
|   2762 |     66 |
|   2763 |    176 |
|   2764 |    574 |
|   2765 |    648 |
|   2766 |    734 |
|   2767 |   1004 |
|   2768 |   1186 |
|   2769 |    596 |
|   2770 |    783 |
|   2771 |    129 |
|   2772 |    840 |
|   2773 |   1492 |
|   2774 |   1236 |
|   2775 |   1488 |
|   2776 |    300 |
|   2777 |    135 |
|   2778 |    272 |
|   2779 |    252 |
|   2780 |   1090 |
|   2781 |    558 |
|   2782 |    608 |
|   2783 |    834 |
|   2784 |    514 |
|   2785 |   1415 |
|   2786 |   1178 |
|   2787 |    371 |
|   2788 |   1287 |
|   2789 |    154 |
|   2790 |    714 |
|   2791 |   1013 |
|   2792 |    211 |
|   2793 |    542 |
|   2794 |    764 |
|   2795 |    815 |
|   2796 |    952 |
|   2797 |   1280 |
|   2798 |    315 |
|   2799 |   1323 |
|   2800 |   1031 |
|   2801 |    900 |
|   2802 |    680 |
|   2803 |    223 |
|   2804 |   1306 |
|   2805 |    803 |
|   2806 |    978 |
|   2807 |    426 |
|   2808 |   1224 |
|   2809 |    400 |
|   2810 |    873 |
|   2811 |   1210 |
|   2812 |    605 |
|   2813 |    410 |
|   2814 |    136 |
|   2815 |   1252 |
|   2816 |    468 |
|   2817 |   1383 |
|   2818 |   1185 |
|   2819 |    583 |
|   2820 |    660 |
|   2821 |   1089 |
|   2822 |    669 |
|   2823 |    802 |
|   2824 |    478 |
|   2825 |   1438 |
|   2826 |    462 |
|   2827 |    345 |
|   2828 |    801 |
|   2829 |   1170 |
|   2830 |   1085 |
|   2831 |    388 |
|   2832 |    758 |
|   2833 |    765 |
|   2834 |    122 |
|   2835 |    874 |
|   2836 |   1386 |
|   2837 |   1207 |
|   2838 |     64 |
|   2839 |    964 |
|   2840 |    477 |
|   2841 |    140 |
|   2842 |    839 |
|   2843 |    523 |
|   2844 |    457 |
|   2845 |    217 |
|   2846 |    187 |
|   2847 |    628 |
|   2848 |    536 |
|   2849 |    317 |
|   2850 |    757 |
|   2851 |   1326 |
|   2852 |   1030 |
|   2853 |   1284 |
|   2854 |    501 |
|   2855 |   1310 |
|   2856 |    604 |
|   2857 |    641 |
|   2858 |    734 |
|   2859 |    379 |
|   2860 |   1057 |
|   2861 |    128 |
|   2862 |   1036 |
|   2863 |    791 |
|   2864 |    594 |
|   2865 |    831 |
|   2866 |   1303 |
|   2867 |    600 |
|   2868 |    474 |
|   2869 |    592 |
|   2870 |    256 |
|   2871 |   1035 |
|   2872 |    963 |
|   2873 |   1039 |
|   2874 |   1378 |
|   2875 |    744 |
|   2876 |    592 |
|   2877 |    847 |
|   2878 |   1264 |
|   2879 |    408 |
|   2880 |    977 |
|   2881 |   1482 |
|   2882 |    934 |
|   2883 |    667 |
|   2884 |    781 |
|   2885 |     92 |
|   2886 |    772 |
|   2887 |    551 |
|   2888 |    860 |
|   2889 |    950 |
|   2890 |    980 |
|   2891 |    281 |
|   2892 |    528 |
|   2893 |    484 |
|   2894 |   1073 |
|   2895 |   1231 |
|   2896 |    295 |
|   2897 |    663 |
|   2898 |    362 |
|   2899 |   1012 |
|   2900 |   1161 |
|   2901 |    891 |
|   2902 |    806 |
|   2903 |    809 |
|   2904 |     73 |
|   2905 |    699 |
|   2906 |    670 |
|   2907 |    476 |
|   2908 |    611 |
|   2909 |   1003 |
|   2910 |    346 |
|   2911 |    625 |
|   2912 |    665 |
|   2913 |    544 |
|   2914 |    567 |
|   2915 |    445 |
|   2916 |    671 |
|   2917 |    503 |
|   2918 |    977 |
|   2919 |    234 |
|   2920 |    312 |
|   2921 |    869 |
|   2922 |    594 |
|   2923 |   1336 |
|   2924 |    822 |
|   2925 |   1289 |
|   2926 |    954 |
|   2927 |   1266 |
|   2928 |    607 |
|   2929 |   1287 |
|   2930 |    296 |
|   2931 |    450 |
|   2932 |   1160 |
|   2933 |    194 |
|   2934 |    200 |
|   2935 |   1176 |
|   2936 |   1026 |
|   2937 |   1355 |
|   2938 |    675 |
|   2939 |    858 |
|   2940 |    426 |
|   2941 |    342 |
|   2942 |    815 |
|   2943 |   1037 |
|   2944 |   1033 |
|   2945 |    864 |
|   2946 |    286 |
|   2947 |    406 |
|   2948 |    133 |
|   2949 |    749 |
|   2950 |    431 |
|   2951 |    252 |
|   2952 |    173 |
|   2953 |    903 |
|   2954 |   1312 |
|   2955 |   1049 |
|   2956 |   1386 |
|   2957 |   1167 |
|   2958 |   1187 |
|   2959 |   1395 |
|   2960 |    908 |
|   2961 |    355 |
|   2962 |   1093 |
|   2963 |    602 |
|   2964 |   1295 |
|   2965 |   1159 |
|   2966 |    812 |
|   2967 |     95 |
|   2968 |   1378 |
|   2969 |    441 |
|   2970 |   1343 |
|   2971 |    573 |
|   2972 |     55 |
|   2973 |   1321 |
|   2974 |   1163 |
|   2975 |    349 |
|   2976 |    656 |
|   2977 |    359 |
|   2978 |    558 |
|   2979 |    882 |
|   2980 |    990 |
|   2981 |    564 |
|   2982 |    365 |
|   2983 |   1083 |
|   2984 |    613 |
|   2985 |   1473 |
|   2986 |   1496 |
|   2987 |    711 |
|   2988 |   1102 |
|   2989 |    989 |
|   2990 |    415 |
|   2991 |    998 |
|   2992 |    224 |
|   2993 |    882 |
|   2994 |    361 |
|   2995 |    569 |
|   2996 |    395 |
|   2997 |    730 |
|   2998 |   1235 |
|   2999 |   1369 |
|   3000 |    480 |
|   3001 |   1171 |
|   3002 |     88 |
|   3003 |   1493 |
|   3004 |   1041 |
|   3005 |    450 |
|   3006 |    474 |
|   3007 |    367 |
|   3008 |   1258 |
|   3009 |   1363 |
|   3010 |    382 |
|   3011 |    528 |
|   3012 |   1060 |
|   3013 |   1272 |
|   3014 |    937 |
|   3015 |   1170 |
|   3016 |    728 |
|   3017 |   1146 |
|   3018 |   1068 |
|   3019 |    380 |
|   3020 |   1150 |
|   3021 |    302 |
|   3022 |   1028 |
|   3023 |    571 |
|   3024 |    785 |
|   3025 |    386 |
|   3026 |    240 |
|   3027 |   1215 |
|   3028 |    358 |
|   3029 |    715 |
|   3030 |    808 |
|   3031 |    600 |
|   3032 |     53 |
|   3033 |   1427 |
|   3034 |   1133 |
|   3035 |    849 |
|   3036 |    914 |
|   3037 |   1323 |
|   3038 |    589 |
|   3039 |    113 |
|   3040 |   1036 |
|   3041 |   1168 |
|   3042 |    690 |
|   3043 |    209 |
|   3044 |    592 |
|   3045 |    370 |
|   3046 |    473 |
|   3047 |    453 |
|   3048 |    693 |
|   3049 |   1454 |
|   3050 |    741 |
|   3051 |    294 |
|   3052 |    425 |
|   3053 |    317 |
|   3054 |    100 |
|   3055 |   1291 |
|   3056 |    938 |
|   3057 |    953 |
|   3058 |   1443 |
|   3059 |    500 |
|   3060 |    324 |
|   3061 |    228 |
|   3062 |   1307 |
|   3063 |    648 |
|   3064 |   1161 |
|   3065 |   1318 |
|   3066 |    589 |
|   3067 |   1284 |
|   3068 |   1261 |
|   3069 |    911 |
|   3070 |     71 |
|   3071 |    886 |
|   3072 |    481 |
|   3073 |    139 |
|   3074 |    966 |
|   3075 |    946 |
|   3076 |    678 |
|   3077 |   1482 |
|   3078 |    703 |
|   3079 |    550 |
|   3080 |    734 |
|   3081 |   1481 |
|   3082 |    673 |
|   3083 |    833 |
|   3084 |    807 |
|   3085 |    334 |
|   3086 |    912 |
|   3087 |   1328 |
|   3088 |    171 |
|   3089 |     96 |
|   3090 |    626 |
|   3091 |    406 |
|   3092 |   1082 |
|   3093 |    645 |
|   3094 |    153 |
|   3095 |    294 |
|   3096 |    118 |
|   3097 |   1362 |
|   3098 |    862 |
|   3099 |   1417 |
|   3100 |    186 |
|   3101 |    602 |
|   3102 |    428 |
|   3103 |    297 |
|   3104 |    982 |
|   3105 |    177 |
|   3106 |   1485 |
|   3107 |    446 |
|   3108 |    731 |
|   3109 |    223 |
|   3110 |    525 |
|   3111 |    136 |
|   3112 |    431 |
|   3113 |    397 |
|   3114 |    261 |
|   3115 |    476 |
|   3116 |    973 |
|   3117 |    228 |
|   3118 |    836 |
|   3119 |   1449 |
|   3120 |    397 |
|   3121 |    258 |
|   3122 |    122 |
|   3123 |   1075 |
|   3124 |     91 |
|   3125 |    608 |
|   3126 |    868 |
|   3127 |    177 |
|   3128 |   1412 |
|   3129 |    897 |
|   3130 |    303 |
|   3131 |    766 |
|   3132 |   1474 |
|   3133 |    486 |
|   3134 |     50 |
|   3135 |   1430 |
|   3136 |    838 |
|   3137 |   1296 |
|   3138 |    809 |
|   3139 |   1079 |
|   3140 |    452 |
|   3141 |   1227 |
|   3142 |    824 |
|   3143 |   1085 |
|   3144 |    353 |
|   3145 |    912 |
|   3146 |    733 |
|   3147 |    849 |
|   3148 |   1308 |
|   3149 |   1196 |
|   3150 |    610 |
|   3151 |    337 |
|   3152 |    246 |
|   3153 |   1371 |
|   3154 |   1377 |
|   3155 |   1107 |
|   3156 |   1124 |
|   3157 |    387 |
|   3158 |    560 |
Numerul TOTAL de pagini este 2456352
O TREIME de pagini este reprezentata de 818784
===Rezultatele in cazul unei metode greedy===
Angajatul 1 este responsabil de 817907 pagini.
Angajatul 2 este responsabil de 817629 pagini.
Angajatul 3 este responsabil de 820816 pagini.
===Rezultatele in cazul unei metode de cautare exhaustive===
Angajatul 1 este responsabil de 818833 pagini.
Angajatul 2 este responsabil de 819252 pagini.
Angajatul 3 este responsabil de 818267 pagini.
