Numărul de cărți este 4229

| Cartea | Pagini |
|--------|--------|
|      1 |    771 |
|      2 |    386 |
|      3 |    848 |
|      4 |   1105 |
|      5 |   1331 |
|      6 |    149 |
|      7 |   1177 |
|      8 |    331 |
|      9 |    131 |
|     10 |    649 |
|     11 |    730 |
|     12 |   1260 |
|     13 |    685 |
|     14 |    212 |
|     15 |    569 |
|     16 |   1353 |
|     17 |    456 |
|     18 |    847 |
|     19 |   1443 |
|     20 |   1297 |
|     21 |    674 |
|     22 |    123 |
|     23 |    647 |
|     24 |    417 |
|     25 |   1440 |
|     26 |    995 |
|     27 |    640 |
|     28 |   1219 |
|     29 |    462 |
|     30 |    690 |
|     31 |    362 |
|     32 |    216 |
|     33 |    952 |
|     34 |    788 |
|     35 |    258 |
|     36 |    889 |
|     37 |   1275 |
|     38 |    553 |
|     39 |   1447 |
|     40 |    757 |
|     41 |   1287 |
|     42 |    624 |
|     43 |    282 |
|     44 |    687 |
|     45 |    418 |
|     46 |    918 |
|     47 |   1418 |
|     48 |    138 |
|     49 |    916 |
|     50 |    927 |
|     51 |   1206 |
|     52 |    640 |
|     53 |   1102 |
|     54 |   1018 |
|     55 |   1296 |
|     56 |    499 |
|     57 |    504 |
|     58 |   1472 |
|     59 |   1283 |
|     60 |    365 |
|     61 |   1109 |
|     62 |     97 |
|     63 |    666 |
|     64 |    798 |
|     65 |   1272 |
|     66 |   1219 |
|     67 |   1228 |
|     68 |    790 |
|     69 |    388 |
|     70 |    191 |
|     71 |    275 |
|     72 |    688 |
|     73 |    799 |
|     74 |    655 |
|     75 |    167 |
|     76 |    969 |
|     77 |   1060 |
|     78 |    652 |
|     79 |    844 |
|     80 |   1387 |
|     81 |    429 |
|     82 |   1162 |
|     83 |    439 |
|     84 |   1292 |
|     85 |    747 |
|     86 |    879 |
|     87 |   1062 |
|     88 |    107 |
|     89 |   1373 |
|     90 |     97 |
|     91 |   1403 |
|     92 |   1334 |
|     93 |    150 |
|     94 |    872 |
|     95 |    713 |
|     96 |    843 |
|     97 |    333 |
|     98 |    628 |
|     99 |    488 |
|    100 |   1151 |
|    101 |   1169 |
|    102 |   1126 |
|    103 |    181 |
|    104 |   1419 |
|    105 |    842 |
|    106 |    719 |
|    107 |    163 |
|    108 |    504 |
|    109 |   1405 |
|    110 |    893 |
|    111 |    864 |
|    112 |   1496 |
|    113 |    203 |
|    114 |    574 |
|    115 |   1417 |
|    116 |    443 |
|    117 |    458 |
|    118 |    661 |
|    119 |    199 |
|    120 |   1026 |
|    121 |   1000 |
|    122 |   1183 |
|    123 |   1034 |
|    124 |    901 |
|    125 |   1256 |
|    126 |   1267 |
|    127 |    589 |
|    128 |    623 |
|    129 |   1382 |
|    130 |   1208 |
|    131 |    767 |
|    132 |   1256 |
|    133 |   1441 |
|    134 |    179 |
|    135 |   1463 |
|    136 |    837 |
|    137 |   1103 |
|    138 |    669 |
|    139 |    478 |
|    140 |   1407 |
|    141 |    364 |
|    142 |   1449 |
|    143 |   1348 |
|    144 |    970 |
|    145 |    589 |
|    146 |    733 |
|    147 |   1420 |
|    148 |    515 |
|    149 |    440 |
|    150 |    288 |
|    151 |    578 |
|    152 |   1098 |
|    153 |   1057 |
|    154 |    234 |
|    155 |    207 |
|    156 |    676 |
|    157 |    400 |
|    158 |   1383 |
|    159 |   1186 |
|    160 |    102 |
|    161 |   1471 |
|    162 |   1313 |
|    163 |    749 |
|    164 |   1205 |
|    165 |   1113 |
|    166 |   1417 |
|    167 |   1153 |
|    168 |   1250 |
|    169 |    940 |
|    170 |   1201 |
|    171 |    709 |
|    172 |   1040 |
|    173 |   1474 |
|    174 |    461 |
|    175 |    628 |
|    176 |    714 |
|    177 |   1462 |
|    178 |   1087 |
|    179 |   1143 |
|    180 |    503 |
|    181 |   1447 |
|    182 |    136 |
|    183 |    966 |
|    184 |    464 |
|    185 |   1142 |
|    186 |   1452 |
|    187 |    229 |
|    188 |    750 |
|    189 |     98 |
|    190 |    489 |
|    191 |    252 |
|    192 |   1228 |
|    193 |   1212 |
|    194 |    790 |
|    195 |   1053 |
|    196 |   1094 |
|    197 |    161 |
|    198 |   1132 |
|    199 |   1098 |
|    200 |    455 |
|    201 |    499 |
|    202 |    717 |
|    203 |   1068 |
|    204 |    717 |
|    205 |   1374 |
|    206 |    967 |
|    207 |   1337 |
|    208 |    607 |
|    209 |    645 |
|    210 |    916 |
|    211 |    518 |
|    212 |    689 |
|    213 |    541 |
|    214 |    165 |
|    215 |   1407 |
|    216 |    752 |
|    217 |    972 |
|    218 |   1464 |
|    219 |    386 |
|    220 |    641 |
|    221 |   1156 |
|    222 |    307 |
|    223 |   1478 |
|    224 |    856 |
|    225 |   1225 |
|    226 |   1485 |
|    227 |   1119 |
|    228 |   1203 |
|    229 |    242 |
|    230 |    236 |
|    231 |   1362 |
|    232 |   1427 |
|    233 |   1282 |
|    234 |   1398 |
|    235 |    656 |
|    236 |    683 |
|    237 |    968 |
|    238 |   1361 |
|    239 |    263 |
|    240 |    874 |
|    241 |   1278 |
|    242 |    476 |
|    243 |   1233 |
|    244 |    654 |
|    245 |   1361 |
|    246 |    513 |
|    247 |    120 |
|    248 |    166 |
|    249 |    384 |
|    250 |   1197 |
|    251 |   1242 |
|    252 |    709 |
|    253 |    657 |
|    254 |    227 |
|    255 |    910 |
|    256 |    446 |
|    257 |    951 |
|    258 |    516 |
|    259 |    247 |
|    260 |    975 |
|    261 |    726 |
|    262 |    399 |
|    263 |   1083 |
|    264 |   1107 |
|    265 |    102 |
|    266 |    633 |
|    267 |    598 |
|    268 |   1037 |
|    269 |   1005 |
|    270 |   1234 |
|    271 |   1118 |
|    272 |    735 |
|    273 |    309 |
|    274 |    924 |
|    275 |    576 |
|    276 |    944 |
|    277 |   1296 |
|    278 |    923 |
|    279 |   1498 |
|    280 |    401 |
|    281 |    363 |
|    282 |    100 |
|    283 |    857 |
|    284 |    469 |
|    285 |   1257 |
|    286 |    231 |
|    287 |    933 |
|    288 |    334 |
|    289 |    643 |
|    290 |    298 |
|    291 |    979 |
|    292 |     58 |
|    293 |    943 |
|    294 |    466 |
|    295 |   1386 |
|    296 |    471 |
|    297 |    656 |
|    298 |    421 |
|    299 |   1342 |
|    300 |    877 |
|    301 |    967 |
|    302 |    157 |
|    303 |   1254 |
|    304 |   1174 |
|    305 |   1144 |
|    306 |    282 |
|    307 |    644 |
|    308 |     99 |
|    309 |    916 |
|    310 |    513 |
|    311 |    735 |
|    312 |    212 |
|    313 |    825 |
|    314 |    667 |
|    315 |    976 |
|    316 |    574 |
|    317 |     63 |
|    318 |    342 |
|    319 |    152 |
|    320 |   1019 |
|    321 |    986 |
|    322 |   1004 |
|    323 |   1105 |
|    324 |    263 |
|    325 |   1016 |
|    326 |    264 |
|    327 |    883 |
|    328 |    959 |
|    329 |    311 |
|    330 |    329 |
|    331 |    859 |
|    332 |   1400 |
|    333 |   1156 |
|    334 |    427 |
|    335 |   1051 |
|    336 |    532 |
|    337 |    753 |
|    338 |    979 |
|    339 |   1119 |
|    340 |    194 |
|    341 |    741 |
|    342 |    747 |
|    343 |   1401 |
|    344 |    180 |
|    345 |    843 |
|    346 |    735 |
|    347 |    769 |
|    348 |    300 |
|    349 |    604 |
|    350 |    978 |
|    351 |    289 |
|    352 |   1053 |
|    353 |   1293 |
|    354 |   1333 |
|    355 |    356 |
|    356 |     83 |
|    357 |    995 |
|    358 |    851 |
|    359 |   1360 |
|    360 |    159 |
|    361 |   1407 |
|    362 |   1158 |
|    363 |   1260 |
|    364 |   1059 |
|    365 |   1262 |
|    366 |    294 |
|    367 |    997 |
|    368 |    117 |
|    369 |    621 |
|    370 |   1491 |
|    371 |    409 |
|    372 |    855 |
|    373 |   1409 |
|    374 |    591 |
|    375 |    197 |
|    376 |   1388 |
|    377 |    687 |
|    378 |    717 |
|    379 |    638 |
|    380 |   1238 |
|    381 |   1482 |
|    382 |    156 |
|    383 |   1443 |
|    384 |    280 |
|    385 |    592 |
|    386 |    257 |
|    387 |   1461 |
|    388 |    797 |
|    389 |    908 |
|    390 |   1391 |
|    391 |    903 |
|    392 |    184 |
|    393 |   1291 |
|    394 |    869 |
|    395 |    164 |
|    396 |    596 |
|    397 |    580 |
|    398 |    381 |
|    399 |    129 |
|    400 |   1139 |
|    401 |   1127 |
|    402 |   1344 |
|    403 |    877 |
|    404 |    930 |
|    405 |    457 |
|    406 |    491 |
|    407 |    523 |
|    408 |   1062 |
|    409 |    863 |
|    410 |    456 |
|    411 |    465 |
|    412 |    488 |
|    413 |   1287 |
|    414 |    265 |
|    415 |    229 |
|    416 |   1280 |
|    417 |    277 |
|    418 |    712 |
|    419 |    972 |
|    420 |   1119 |
|    421 |    213 |
|    422 |   1022 |
|    423 |   1210 |
|    424 |   1365 |
|    425 |    687 |
|    426 |    795 |
|    427 |    373 |
|    428 |    365 |
|    429 |   1487 |
|    430 |    205 |
|    431 |    405 |
|    432 |    788 |
|    433 |    332 |
|    434 |   1097 |
|    435 |   1223 |
|    436 |    821 |
|    437 |    728 |
|    438 |    146 |
|    439 |    132 |
|    440 |    206 |
|    441 |    810 |
|    442 |    678 |
|    443 |   1091 |
|    444 |   1455 |
|    445 |    369 |
|    446 |    537 |
|    447 |    758 |
|    448 |    999 |
|    449 |    339 |
|    450 |    432 |
|    451 |   1148 |
|    452 |   1026 |
|    453 |     94 |
|    454 |   1204 |
|    455 |    639 |
|    456 |   1487 |
|    457 |   1394 |
|    458 |    915 |
|    459 |     96 |
|    460 |   1099 |
|    461 |    485 |
|    462 |    207 |
|    463 |    296 |
|    464 |    465 |
|    465 |   1043 |
|    466 |    116 |
|    467 |    912 |
|    468 |   1005 |
|    469 |    337 |
|    470 |   1408 |
|    471 |   1050 |
|    472 |    583 |
|    473 |   1407 |
|    474 |   1281 |
|    475 |   1213 |
|    476 |   1072 |
|    477 |    237 |
|    478 |    377 |
|    479 |    707 |
|    480 |   1481 |
|    481 |    357 |
|    482 |    500 |
|    483 |    331 |
|    484 |    830 |
|    485 |   1211 |
|    486 |   1347 |
|    487 |    256 |
|    488 |    733 |
|    489 |     50 |
|    490 |    729 |
|    491 |   1230 |
|    492 |   1038 |
|    493 |   1285 |
|    494 |    134 |
|    495 |    616 |
|    496 |    541 |
|    497 |    533 |
|    498 |   1273 |
|    499 |    922 |
|    500 |    747 |
|    501 |    969 |
|    502 |   1264 |
|    503 |    569 |
|    504 |   1355 |
|    505 |    903 |
|    506 |   1416 |
|    507 |    114 |
|    508 |    221 |
|    509 |    880 |
|    510 |    809 |
|    511 |   1359 |
|    512 |   1136 |
|    513 |    918 |
|    514 |    319 |
|    515 |   1380 |
|    516 |   1435 |
|    517 |    969 |
|    518 |    797 |
|    519 |    751 |
|    520 |    540 |
|    521 |    520 |
|    522 |    390 |
|    523 |    190 |
|    524 |   1414 |
|    525 |    656 |
|    526 |   1237 |
|    527 |    991 |
|    528 |   1457 |
|    529 |    562 |
|    530 |    529 |
|    531 |    458 |
|    532 |   1408 |
|    533 |   1498 |
|    534 |   1277 |
|    535 |    915 |
|    536 |    968 |
|    537 |    654 |
|    538 |    675 |
|    539 |   1183 |
|    540 |   1399 |
|    541 |    790 |
|    542 |   1404 |
|    543 |    905 |
|    544 |    776 |
|    545 |   1468 |
|    546 |    587 |
|    547 |    768 |
|    548 |    572 |
|    549 |   1170 |
|    550 |   1365 |
|    551 |    827 |
|    552 |    188 |
|    553 |   1212 |
|    554 |    520 |
|    555 |    498 |
|    556 |    748 |
|    557 |   1191 |
|    558 |    112 |
|    559 |    851 |
|    560 |    191 |
|    561 |    614 |
|    562 |    681 |
|    563 |   1068 |
|    564 |    856 |
|    565 |    494 |
|    566 |    942 |
|    567 |   1406 |
|    568 |    182 |
|    569 |   1213 |
|    570 |     79 |
|    571 |    842 |
|    572 |    180 |
|    573 |    967 |
|    574 |    739 |
|    575 |   1443 |
|    576 |   1350 |
|    577 |   1170 |
|    578 |    257 |
|    579 |    267 |
|    580 |    672 |
|    581 |    556 |
|    582 |   1056 |
|    583 |   1276 |
|    584 |   1479 |
|    585 |    787 |
|    586 |   1087 |
|    587 |     51 |
|    588 |    567 |
|    589 |    573 |
|    590 |   1032 |
|    591 |    382 |
|    592 |   1232 |
|    593 |   1055 |
|    594 |    911 |
|    595 |     64 |
|    596 |    313 |
|    597 |   1245 |
|    598 |    526 |
|    599 |    894 |
|    600 |    893 |
|    601 |    643 |
|    602 |    495 |
|    603 |    746 |
|    604 |    683 |
|    605 |    524 |
|    606 |   1140 |
|    607 |   1248 |
|    608 |   1087 |
|    609 |    784 |
|    610 |   1385 |
|    611 |    396 |
|    612 |    131 |
|    613 |    477 |
|    614 |    495 |
|    615 |    103 |
|    616 |    103 |
|    617 |    102 |
|    618 |   1079 |
|    619 |   1058 |
|    620 |   1373 |
|    621 |    591 |
|    622 |   1324 |
|    623 |    826 |
|    624 |   1136 |
|    625 |    624 |
|    626 |    237 |
|    627 |   1156 |
|    628 |    445 |
|    629 |    304 |
|    630 |    342 |
|    631 |    501 |
|    632 |    862 |
|    633 |    424 |
|    634 |    460 |
|    635 |   1485 |
|    636 |    616 |
|    637 |    128 |
|    638 |    138 |
|    639 |    292 |
|    640 |    154 |
|    641 |   1481 |
|    642 |   1400 |
|    643 |   1469 |
|    644 |    641 |
|    645 |   1144 |
|    646 |    205 |
|    647 |   1349 |
|    648 |    707 |
|    649 |    999 |
|    650 |   1206 |
|    651 |    262 |
|    652 |    575 |
|    653 |    911 |
|    654 |    421 |
|    655 |   1382 |
|    656 |    724 |
|    657 |   1390 |
|    658 |    805 |
|    659 |    537 |
|    660 |    762 |
|    661 |    106 |
|    662 |    760 |
|    663 |   1422 |
|    664 |    642 |
|    665 |   1486 |
|    666 |    305 |
|    667 |    985 |
|    668 |   1487 |
|    669 |    285 |
|    670 |   1268 |
|    671 |   1025 |
|    672 |    477 |
|    673 |   1206 |
|    674 |    587 |
|    675 |    848 |
|    676 |   1443 |
|    677 |   1103 |
|    678 |    977 |
|    679 |   1355 |
|    680 |    442 |
|    681 |    407 |
|    682 |    301 |
|    683 |    173 |
|    684 |    863 |
|    685 |   1230 |
|    686 |   1089 |
|    687 |   1347 |
|    688 |   1068 |
|    689 |    355 |
|    690 |    205 |
|    691 |   1288 |
|    692 |    146 |
|    693 |   1378 |
|    694 |    518 |
|    695 |   1331 |
|    696 |   1484 |
|    697 |   1151 |
|    698 |    145 |
|    699 |   1205 |
|    700 |    436 |
|    701 |    390 |
|    702 |    983 |
|    703 |    827 |
|    704 |    678 |
|    705 |    432 |
|    706 |   1168 |
|    707 |   1253 |
|    708 |    432 |
|    709 |    941 |
|    710 |    721 |
|    711 |    496 |
|    712 |   1268 |
|    713 |    578 |
|    714 |    487 |
|    715 |    212 |
|    716 |    296 |
|    717 |    861 |
|    718 |   1453 |
|    719 |    447 |
|    720 |   1469 |
|    721 |    817 |
|    722 |    514 |
|    723 |    498 |
|    724 |     71 |
|    725 |   1354 |
|    726 |    744 |
|    727 |    997 |
|    728 |   1402 |
|    729 |   1319 |
|    730 |    445 |
|    731 |   1370 |
|    732 |    296 |
|    733 |   1184 |
|    734 |    948 |
|    735 |   1366 |
|    736 |    229 |
|    737 |    632 |
|    738 |   1096 |
|    739 |    275 |
|    740 |    857 |
|    741 |   1396 |
|    742 |     56 |
|    743 |    706 |
|    744 |     99 |
|    745 |   1389 |
|    746 |    486 |
|    747 |    845 |
|    748 |    398 |
|    749 |   1435 |
|    750 |    663 |
|    751 |   1235 |
|    752 |   1006 |
|    753 |    677 |
|    754 |    282 |
|    755 |   1045 |
|    756 |   1426 |
|    757 |    905 |
|    758 |   1026 |
|    759 |   1324 |
|    760 |   1307 |
|    761 |    310 |
|    762 |    577 |
|    763 |     91 |
|    764 |    590 |
|    765 |    240 |
|    766 |    139 |
|    767 |    841 |
|    768 |   1127 |
|    769 |    466 |
|    770 |    233 |
|    771 |     57 |
|    772 |   1078 |
|    773 |   1258 |
|    774 |   1036 |
|    775 |   1005 |
|    776 |    758 |
|    777 |    106 |
|    778 |    744 |
|    779 |   1498 |
|    780 |    862 |
|    781 |    305 |
|    782 |    987 |
|    783 |   1248 |
|    784 |    873 |
|    785 |    415 |
|    786 |    489 |
|    787 |   1252 |
|    788 |    316 |
|    789 |   1261 |
|    790 |    112 |
|    791 |    348 |
|    792 |    553 |
|    793 |    460 |
|    794 |   1244 |
|    795 |    955 |
|    796 |    828 |
|    797 |    428 |
|    798 |     81 |
|    799 |    619 |
|    800 |   1202 |
|    801 |   1240 |
|    802 |    224 |
|    803 |   1238 |
|    804 |    815 |
|    805 |    995 |
|    806 |   1336 |
|    807 |   1229 |
|    808 |    602 |
|    809 |    488 |
|    810 |   1045 |
|    811 |    392 |
|    812 |    491 |
|    813 |    414 |
|    814 |    321 |
|    815 |   1072 |
|    816 |    654 |
|    817 |   1401 |
|    818 |    788 |
|    819 |     55 |
|    820 |   1475 |
|    821 |   1423 |
|    822 |    569 |
|    823 |    769 |
|    824 |    840 |
|    825 |   1044 |
|    826 |    167 |
|    827 |   1184 |
|    828 |    911 |
|    829 |   1184 |
|    830 |    471 |
|    831 |    633 |
|    832 |   1408 |
|    833 |    942 |
|    834 |   1194 |
|    835 |    416 |
|    836 |   1322 |
|    837 |    337 |
|    838 |   1374 |
|    839 |    733 |
|    840 |    415 |
|    841 |   1382 |
|    842 |    466 |
|    843 |   1152 |
|    844 |   1416 |
|    845 |   1387 |
|    846 |   1226 |
|    847 |   1184 |
|    848 |   1474 |
|    849 |    989 |
|    850 |   1237 |
|    851 |   1473 |
|    852 |    513 |
|    853 |    223 |
|    854 |    877 |
|    855 |   1200 |
|    856 |    984 |
|    857 |    186 |
|    858 |    475 |
|    859 |    175 |
|    860 |    925 |
|    861 |    758 |
|    862 |    853 |
|    863 |   1225 |
|    864 |    617 |
|    865 |   1148 |
|    866 |   1241 |
|    867 |    362 |
|    868 |    449 |
|    869 |    853 |
|    870 |    122 |
|    871 |    904 |
|    872 |   1320 |
|    873 |    609 |
|    874 |    153 |
|    875 |   1049 |
|    876 |   1291 |
|    877 |    341 |
|    878 |    306 |
|    879 |    675 |
|    880 |    418 |
|    881 |   1420 |
|    882 |    692 |
|    883 |    116 |
|    884 |    361 |
|    885 |   1353 |
|    886 |    708 |
|    887 |    487 |
|    888 |    219 |
|    889 |    778 |
|    890 |   1429 |
|    891 |    869 |
|    892 |   1141 |
|    893 |    818 |
|    894 |    484 |
|    895 |    538 |
|    896 |   1142 |
|    897 |     88 |
|    898 |   1154 |
|    899 |    597 |
|    900 |    252 |
|    901 |   1110 |
|    902 |   1195 |
|    903 |    674 |
|    904 |    120 |
|    905 |     89 |
|    906 |   1416 |
|    907 |    135 |
|    908 |   1076 |
|    909 |    280 |
|    910 |    547 |
|    911 |    680 |
|    912 |   1255 |
|    913 |    768 |
|    914 |   1044 |
|    915 |    562 |
|    916 |   1171 |
|    917 |    962 |
|    918 |    581 |
|    919 |    619 |
|    920 |    368 |
|    921 |    353 |
|    922 |    104 |
|    923 |   1278 |
|    924 |    729 |
|    925 |   1334 |
|    926 |    188 |
|    927 |    907 |
|    928 |   1001 |
|    929 |     91 |
|    930 |    699 |
|    931 |    790 |
|    932 |   1224 |
|    933 |   1202 |
|    934 |   1155 |
|    935 |    863 |
|    936 |    460 |
|    937 |   1134 |
|    938 |   1452 |
|    939 |    776 |
|    940 |    554 |
|    941 |   1437 |
|    942 |    436 |
|    943 |    809 |
|    944 |   1378 |
|    945 |    245 |
|    946 |     58 |
|    947 |    453 |
|    948 |    870 |
|    949 |   1459 |
|    950 |    347 |
|    951 |    526 |
|    952 |   1479 |
|    953 |    211 |
|    954 |    127 |
|    955 |   1016 |
|    956 |    102 |
|    957 |    394 |
|    958 |    885 |
|    959 |    325 |
|    960 |   1429 |
|    961 |    482 |
|    962 |   1379 |
|    963 |    103 |
|    964 |   1126 |
|    965 |     73 |
|    966 |   1382 |
|    967 |    673 |
|    968 |    704 |
|    969 |   1370 |
|    970 |    747 |
|    971 |   1364 |
|    972 |    212 |
|    973 |    769 |
|    974 |    968 |
|    975 |   1155 |
|    976 |    963 |
|    977 |    842 |
|    978 |    572 |
|    979 |     88 |
|    980 |   1373 |
|    981 |    667 |
|    982 |    215 |
|    983 |   1005 |
|    984 |   1353 |
|    985 |   1158 |
|    986 |   1469 |
|    987 |   1030 |
|    988 |   1455 |
|    989 |   1187 |
|    990 |   1195 |
|    991 |    166 |
|    992 |   1230 |
|    993 |    693 |
|    994 |    687 |
|    995 |   1003 |
|    996 |    223 |
|    997 |   1197 |
|    998 |   1494 |
|    999 |    704 |
|   1000 |    612 |
|   1001 |    703 |
|   1002 |   1098 |
|   1003 |    117 |
|   1004 |   1241 |
|   1005 |    202 |
|   1006 |    343 |
|   1007 |    690 |
|   1008 |    277 |
|   1009 |    317 |
|   1010 |    701 |
|   1011 |   1077 |
|   1012 |    416 |
|   1013 |    137 |
|   1014 |    965 |
|   1015 |   1458 |
|   1016 |   1371 |
|   1017 |    571 |
|   1018 |   1144 |
|   1019 |    354 |
|   1020 |    723 |
|   1021 |    979 |
|   1022 |    160 |
|   1023 |    334 |
|   1024 |    318 |
|   1025 |     53 |
|   1026 |    447 |
|   1027 |    494 |
|   1028 |   1048 |
|   1029 |   1220 |
|   1030 |    374 |
|   1031 |    487 |
|   1032 |    624 |
|   1033 |    696 |
|   1034 |   1110 |
|   1035 |    185 |
|   1036 |   1490 |
|   1037 |    343 |
|   1038 |    597 |
|   1039 |    637 |
|   1040 |    386 |
|   1041 |   1206 |
|   1042 |   1280 |
|   1043 |    480 |
|   1044 |    578 |
|   1045 |    926 |
|   1046 |   1457 |
|   1047 |    977 |
|   1048 |   1244 |
|   1049 |    814 |
|   1050 |    557 |
|   1051 |    605 |
|   1052 |     91 |
|   1053 |   1308 |
|   1054 |   1254 |
|   1055 |    175 |
|   1056 |    537 |
|   1057 |    967 |
|   1058 |    992 |
|   1059 |     66 |
|   1060 |    321 |
|   1061 |   1239 |
|   1062 |    737 |
|   1063 |    792 |
|   1064 |    217 |
|   1065 |    826 |
|   1066 |   1190 |
|   1067 |    237 |
|   1068 |    366 |
|   1069 |    312 |
|   1070 |    167 |
|   1071 |    642 |
|   1072 |    199 |
|   1073 |   1266 |
|   1074 |    929 |
|   1075 |    517 |
|   1076 |   1299 |
|   1077 |    590 |
|   1078 |    413 |
|   1079 |   1008 |
|   1080 |    365 |
|   1081 |   1253 |
|   1082 |    885 |
|   1083 |   1477 |
|   1084 |   1107 |
|   1085 |   1037 |
|   1086 |   1064 |
|   1087 |    666 |
|   1088 |    510 |
|   1089 |   1216 |
|   1090 |    627 |
|   1091 |    914 |
|   1092 |    312 |
|   1093 |    356 |
|   1094 |   1300 |
|   1095 |   1208 |
|   1096 |    577 |
|   1097 |    932 |
|   1098 |   1282 |
|   1099 |    419 |
|   1100 |   1260 |
|   1101 |   1247 |
|   1102 |    761 |
|   1103 |    359 |
|   1104 |    871 |
|   1105 |     65 |
|   1106 |    828 |
|   1107 |    383 |
|   1108 |    951 |
|   1109 |    603 |
|   1110 |   1034 |
|   1111 |   1134 |
|   1112 |    539 |
|   1113 |   1287 |
|   1114 |    385 |
|   1115 |    169 |
|   1116 |   1172 |
|   1117 |    653 |
|   1118 |     80 |
|   1119 |    845 |
|   1120 |    752 |
|   1121 |    155 |
|   1122 |    278 |
|   1123 |    197 |
|   1124 |   1149 |
|   1125 |    135 |
|   1126 |   1261 |
|   1127 |   1295 |
|   1128 |    947 |
|   1129 |    881 |
|   1130 |    778 |
|   1131 |    460 |
|   1132 |   1169 |
|   1133 |    472 |
|   1134 |    992 |
|   1135 |    831 |
|   1136 |    174 |
|   1137 |    142 |
|   1138 |   1219 |
|   1139 |    773 |
|   1140 |   1170 |
|   1141 |    434 |
|   1142 |    827 |
|   1143 |    341 |
|   1144 |   1241 |
|   1145 |   1316 |
|   1146 |    828 |
|   1147 |   1004 |
|   1148 |    107 |
|   1149 |    654 |
|   1150 |   1167 |
|   1151 |     80 |
|   1152 |   1428 |
|   1153 |   1030 |
|   1154 |    261 |
|   1155 |    170 |
|   1156 |   1456 |
|   1157 |    955 |
|   1158 |    618 |
|   1159 |    169 |
|   1160 |    669 |
|   1161 |   1386 |
|   1162 |    460 |
|   1163 |    820 |
|   1164 |   1184 |
|   1165 |    344 |
|   1166 |    451 |
|   1167 |    276 |
|   1168 |    675 |
|   1169 |    622 |
|   1170 |    743 |
|   1171 |    475 |
|   1172 |    769 |
|   1173 |    765 |
|   1174 |   1103 |
|   1175 |    946 |
|   1176 |    376 |
|   1177 |   1414 |
|   1178 |    258 |
|   1179 |   1278 |
|   1180 |    702 |
|   1181 |    350 |
|   1182 |    696 |
|   1183 |    492 |
|   1184 |    585 |
|   1185 |    130 |
|   1186 |   1337 |
|   1187 |   1355 |
|   1188 |    218 |
|   1189 |    980 |
|   1190 |    251 |
|   1191 |   1389 |
|   1192 |    809 |
|   1193 |   1070 |
|   1194 |    621 |
|   1195 |    525 |
|   1196 |   1408 |
|   1197 |    281 |
|   1198 |    187 |
|   1199 |    354 |
|   1200 |   1466 |
|   1201 |    723 |
|   1202 |   1275 |
|   1203 |    895 |
|   1204 |   1120 |
|   1205 |   1419 |
|   1206 |   1023 |
|   1207 |    319 |
|   1208 |   1256 |
|   1209 |    850 |
|   1210 |    371 |
|   1211 |   1177 |
|   1212 |     85 |
|   1213 |    269 |
|   1214 |   1355 |
|   1215 |    183 |
|   1216 |   1299 |
|   1217 |   1241 |
|   1218 |   1281 |
|   1219 |     88 |
|   1220 |    776 |
|   1221 |   1050 |
|   1222 |    828 |
|   1223 |    118 |
|   1224 |   1368 |
|   1225 |    734 |
|   1226 |    462 |
|   1227 |    389 |
|   1228 |     66 |
|   1229 |    109 |
|   1230 |    752 |
|   1231 |    438 |
|   1232 |   1317 |
|   1233 |    627 |
|   1234 |    556 |
|   1235 |   1306 |
|   1236 |    378 |
|   1237 |    996 |
|   1238 |   1069 |
|   1239 |    394 |
|   1240 |    960 |
|   1241 |   1257 |
|   1242 |    987 |
|   1243 |    826 |
|   1244 |   1003 |
|   1245 |    207 |
|   1246 |   1180 |
|   1247 |   1190 |
|   1248 |    930 |
|   1249 |    655 |
|   1250 |    751 |
|   1251 |    124 |
|   1252 |    413 |
|   1253 |    239 |
|   1254 |    461 |
|   1255 |    693 |
|   1256 |   1416 |
|   1257 |   1327 |
|   1258 |   1345 |
|   1259 |    108 |
|   1260 |   1267 |
|   1261 |    640 |
|   1262 |    493 |
|   1263 |    479 |
|   1264 |   1080 |
|   1265 |    880 |
|   1266 |   1384 |
|   1267 |     75 |
|   1268 |   1275 |
|   1269 |    665 |
|   1270 |    767 |
|   1271 |    954 |
|   1272 |    285 |
|   1273 |   1108 |
|   1274 |    128 |
|   1275 |   1139 |
|   1276 |    941 |
|   1277 |    542 |
|   1278 |    391 |
|   1279 |   1368 |
|   1280 |   1157 |
|   1281 |    911 |
|   1282 |   1285 |
|   1283 |   1297 |
|   1284 |   1282 |
|   1285 |   1115 |
|   1286 |   1154 |
|   1287 |   1318 |
|   1288 |    780 |
|   1289 |    596 |
|   1290 |     61 |
|   1291 |   1487 |
|   1292 |    866 |
|   1293 |   1024 |
|   1294 |    266 |
|   1295 |    791 |
|   1296 |    835 |
|   1297 |   1226 |
|   1298 |    840 |
|   1299 |   1053 |
|   1300 |   1313 |
|   1301 |   1249 |
|   1302 |    310 |
|   1303 |    697 |
|   1304 |   1457 |
|   1305 |    326 |
|   1306 |    298 |
|   1307 |    413 |
|   1308 |   1108 |
|   1309 |    607 |
|   1310 |    395 |
|   1311 |    189 |
|   1312 |    200 |
|   1313 |    993 |
|   1314 |    731 |
|   1315 |   1061 |
|   1316 |   1368 |
|   1317 |   1335 |
|   1318 |   1165 |
|   1319 |    380 |
|   1320 |   1193 |
|   1321 |    748 |
|   1322 |   1307 |
|   1323 |   1237 |
|   1324 |   1281 |
|   1325 |   1105 |
|   1326 |   1064 |
|   1327 |    348 |
|   1328 |   1226 |
|   1329 |    470 |
|   1330 |    470 |
|   1331 |    107 |
|   1332 |    647 |
|   1333 |   1489 |
|   1334 |    174 |
|   1335 |   1029 |
|   1336 |    528 |
|   1337 |   1436 |
|   1338 |   1125 |
|   1339 |   1052 |
|   1340 |    749 |
|   1341 |    243 |
|   1342 |    307 |
|   1343 |    776 |
|   1344 |    218 |
|   1345 |    525 |
|   1346 |   1127 |
|   1347 |    892 |
|   1348 |    280 |
|   1349 |    957 |
|   1350 |    295 |
|   1351 |    704 |
|   1352 |    270 |
|   1353 |    888 |
|   1354 |    480 |
|   1355 |   1404 |
|   1356 |    230 |
|   1357 |    253 |
|   1358 |    664 |
|   1359 |   1103 |
|   1360 |    608 |
|   1361 |    288 |
|   1362 |   1228 |
|   1363 |   1331 |
|   1364 |   1201 |
|   1365 |    890 |
|   1366 |   1157 |
|   1367 |    694 |
|   1368 |    459 |
|   1369 |   1035 |
|   1370 |   1205 |
|   1371 |   1366 |
|   1372 |    343 |
|   1373 |    397 |
|   1374 |     60 |
|   1375 |   1476 |
|   1376 |   1249 |
|   1377 |    844 |
|   1378 |    885 |
|   1379 |    369 |
|   1380 |    330 |
|   1381 |    955 |
|   1382 |    828 |
|   1383 |    495 |
|   1384 |   1469 |
|   1385 |    935 |
|   1386 |    671 |
|   1387 |   1181 |
|   1388 |   1190 |
|   1389 |    545 |
|   1390 |    914 |
|   1391 |    340 |
|   1392 |     90 |
|   1393 |    143 |
|   1394 |   1491 |
|   1395 |   1194 |
|   1396 |   1370 |
|   1397 |   1111 |
|   1398 |    642 |
|   1399 |   1409 |
|   1400 |     86 |
|   1401 |   1264 |
|   1402 |    155 |
|   1403 |    422 |
|   1404 |   1406 |
|   1405 |   1315 |
|   1406 |    814 |
|   1407 |    958 |
|   1408 |    541 |
|   1409 |    481 |
|   1410 |   1165 |
|   1411 |   1460 |
|   1412 |   1023 |
|   1413 |   1001 |
|   1414 |    422 |
|   1415 |    817 |
|   1416 |   1006 |
|   1417 |    404 |
|   1418 |    950 |
|   1419 |   1171 |
|   1420 |    903 |
|   1421 |    834 |
|   1422 |    941 |
|   1423 |    726 |
|   1424 |    964 |
|   1425 |    979 |
|   1426 |    138 |
|   1427 |    632 |
|   1428 |   1397 |
|   1429 |   1424 |
|   1430 |    944 |
|   1431 |    170 |
|   1432 |    177 |
|   1433 |    186 |
|   1434 |    463 |
|   1435 |     81 |
|   1436 |    437 |
|   1437 |   1134 |
|   1438 |    832 |
|   1439 |   1300 |
|   1440 |    821 |
|   1441 |   1448 |
|   1442 |    610 |
|   1443 |    250 |
|   1444 |    761 |
|   1445 |    631 |
|   1446 |   1487 |
|   1447 |   1198 |
|   1448 |    281 |
|   1449 |    389 |
|   1450 |    124 |
|   1451 |    503 |
|   1452 |   1088 |
|   1453 |    251 |
|   1454 |    251 |
|   1455 |   1354 |
|   1456 |   1346 |
|   1457 |    748 |
|   1458 |   1101 |
|   1459 |    872 |
|   1460 |    774 |
|   1461 |   1469 |
|   1462 |    807 |
|   1463 |   1201 |
|   1464 |   1212 |
|   1465 |    959 |
|   1466 |    214 |
|   1467 |   1456 |
|   1468 |    558 |
|   1469 |   1398 |
|   1470 |   1434 |
|   1471 |    803 |
|   1472 |   1346 |
|   1473 |    879 |
|   1474 |    238 |
|   1475 |    793 |
|   1476 |    838 |
|   1477 |   1190 |
|   1478 |    530 |
|   1479 |    408 |
|   1480 |    110 |
|   1481 |    395 |
|   1482 |    237 |
|   1483 |   1171 |
|   1484 |    370 |
|   1485 |    540 |
|   1486 |    254 |
|   1487 |    116 |
|   1488 |    601 |
|   1489 |    565 |
|   1490 |   1430 |
|   1491 |    535 |
|   1492 |    521 |
|   1493 |    429 |
|   1494 |    924 |
|   1495 |   1381 |
|   1496 |    459 |
|   1497 |    674 |
|   1498 |    896 |
|   1499 |    611 |
|   1500 |    838 |
|   1501 |    365 |
|   1502 |    278 |
|   1503 |    378 |
|   1504 |    223 |
|   1505 |   1258 |
|   1506 |   1465 |
|   1507 |   1178 |
|   1508 |    463 |
|   1509 |    800 |
|   1510 |    761 |
|   1511 |    668 |
|   1512 |    947 |
|   1513 |    493 |
|   1514 |    657 |
|   1515 |    749 |
|   1516 |   1124 |
|   1517 |    529 |
|   1518 |    744 |
|   1519 |   1096 |
|   1520 |    194 |
|   1521 |    798 |
|   1522 |    652 |
|   1523 |   1417 |
|   1524 |    170 |
|   1525 |   1452 |
|   1526 |    831 |
|   1527 |    587 |
|   1528 |    859 |
|   1529 |    849 |
|   1530 |    477 |
|   1531 |   1455 |
|   1532 |   1043 |
|   1533 |     90 |
|   1534 |   1019 |
|   1535 |    199 |
|   1536 |    429 |
|   1537 |   1053 |
|   1538 |     61 |
|   1539 |    410 |
|   1540 |    818 |
|   1541 |    762 |
|   1542 |   1043 |
|   1543 |    368 |
|   1544 |    713 |
|   1545 |    534 |
|   1546 |   1427 |
|   1547 |   1034 |
|   1548 |    633 |
|   1549 |    241 |
|   1550 |   1238 |
|   1551 |    209 |
|   1552 |   1089 |
|   1553 |    160 |
|   1554 |    659 |
|   1555 |   1362 |
|   1556 |    932 |
|   1557 |    764 |
|   1558 |    583 |
|   1559 |    707 |
|   1560 |   1015 |
|   1561 |   1238 |
|   1562 |    463 |
|   1563 |    653 |
|   1564 |    992 |
|   1565 |   1137 |
|   1566 |   1372 |
|   1567 |   1067 |
|   1568 |    992 |
|   1569 |   1126 |
|   1570 |   1448 |
|   1571 |    605 |
|   1572 |   1242 |
|   1573 |   1198 |
|   1574 |    770 |
|   1575 |    477 |
|   1576 |    170 |
|   1577 |    183 |
|   1578 |     88 |
|   1579 |    295 |
|   1580 |    158 |
|   1581 |    693 |
|   1582 |    114 |
|   1583 |   1046 |
|   1584 |   1007 |
|   1585 |   1227 |
|   1586 |   1450 |
|   1587 |    359 |
|   1588 |   1330 |
|   1589 |    929 |
|   1590 |    992 |
|   1591 |   1118 |
|   1592 |    984 |
|   1593 |    987 |
|   1594 |     75 |
|   1595 |    998 |
|   1596 |    741 |
|   1597 |    654 |
|   1598 |   1012 |
|   1599 |   1032 |
|   1600 |    712 |
|   1601 |    991 |
|   1602 |    787 |
|   1603 |   1392 |
|   1604 |    350 |
|   1605 |   1365 |
|   1606 |   1135 |
|   1607 |    412 |
|   1608 |    710 |
|   1609 |   1040 |
|   1610 |   1102 |
|   1611 |   1451 |
|   1612 |   1010 |
|   1613 |    152 |
|   1614 |    787 |
|   1615 |    882 |
|   1616 |   1423 |
|   1617 |    634 |
|   1618 |    216 |
|   1619 |    351 |
|   1620 |    518 |
|   1621 |    349 |
|   1622 |   1105 |
|   1623 |   1063 |
|   1624 |    958 |
|   1625 |   1188 |
|   1626 |    439 |
|   1627 |   1237 |
|   1628 |    300 |
|   1629 |    896 |
|   1630 |    893 |
|   1631 |    562 |
|   1632 |    143 |
|   1633 |    684 |
|   1634 |    813 |
|   1635 |    586 |
|   1636 |   1462 |
|   1637 |   1187 |
|   1638 |   1251 |
|   1639 |   1304 |
|   1640 |    347 |
|   1641 |   1465 |
|   1642 |    294 |
|   1643 |    363 |
|   1644 |    904 |
|   1645 |   1315 |
|   1646 |   1320 |
|   1647 |   1442 |
|   1648 |    144 |
|   1649 |    136 |
|   1650 |     72 |
|   1651 |    917 |
|   1652 |    582 |
|   1653 |    273 |
|   1654 |    151 |
|   1655 |   1213 |
|   1656 |    419 |
|   1657 |    628 |
|   1658 |    472 |
|   1659 |   1196 |
|   1660 |    102 |
|   1661 |   1427 |
|   1662 |    795 |
|   1663 |    308 |
|   1664 |    282 |
|   1665 |    879 |
|   1666 |    183 |
|   1667 |    997 |
|   1668 |    556 |
|   1669 |    607 |
|   1670 |   1431 |
|   1671 |   1244 |
|   1672 |   1363 |
|   1673 |   1401 |
|   1674 |     73 |
|   1675 |     71 |
|   1676 |   1495 |
|   1677 |    299 |
|   1678 |   1086 |
|   1679 |   1246 |
|   1680 |    621 |
|   1681 |     92 |
|   1682 |    262 |
|   1683 |   1390 |
|   1684 |    275 |
|   1685 |    847 |
|   1686 |    836 |
|   1687 |    196 |
|   1688 |    493 |
|   1689 |    980 |
|   1690 |    577 |
|   1691 |   1212 |
|   1692 |    448 |
|   1693 |    106 |
|   1694 |    163 |
|   1695 |   1019 |
|   1696 |    540 |
|   1697 |   1056 |
|   1698 |    981 |
|   1699 |   1219 |
|   1700 |   1127 |
|   1701 |    496 |
|   1702 |    503 |
|   1703 |   1430 |
|   1704 |   1236 |
|   1705 |    311 |
|   1706 |    729 |
|   1707 |    498 |
|   1708 |    760 |
|   1709 |    529 |
|   1710 |    622 |
|   1711 |    905 |
|   1712 |    184 |
|   1713 |    107 |
|   1714 |   1297 |
|   1715 |    193 |
|   1716 |    369 |
|   1717 |    207 |
|   1718 |   1487 |
|   1719 |    766 |
|   1720 |    153 |
|   1721 |    303 |
|   1722 |    458 |
|   1723 |    261 |
|   1724 |   1340 |
|   1725 |    787 |
|   1726 |   1394 |
|   1727 |    525 |
|   1728 |    541 |
|   1729 |    243 |
|   1730 |    112 |
|   1731 |   1000 |
|   1732 |    714 |
|   1733 |    692 |
|   1734 |   1354 |
|   1735 |    388 |
|   1736 |   1437 |
|   1737 |   1455 |
|   1738 |   1491 |
|   1739 |    876 |
|   1740 |    678 |
|   1741 |    742 |
|   1742 |    413 |
|   1743 |     70 |
|   1744 |    434 |
|   1745 |    130 |
|   1746 |    445 |
|   1747 |    480 |
|   1748 |    348 |
|   1749 |    401 |
|   1750 |    275 |
|   1751 |   1431 |
|   1752 |    262 |
|   1753 |    995 |
|   1754 |    509 |
|   1755 |    257 |
|   1756 |    871 |
|   1757 |    883 |
|   1758 |    843 |
|   1759 |    656 |
|   1760 |    804 |
|   1761 |    692 |
|   1762 |    672 |
|   1763 |   1077 |
|   1764 |   1404 |
|   1765 |    396 |
|   1766 |     84 |
|   1767 |   1026 |
|   1768 |    196 |
|   1769 |   1053 |
|   1770 |    882 |
|   1771 |    377 |
|   1772 |    762 |
|   1773 |   1097 |
|   1774 |    409 |
|   1775 |    685 |
|   1776 |    550 |
|   1777 |    746 |
|   1778 |    790 |
|   1779 |    945 |
|   1780 |    184 |
|   1781 |   1267 |
|   1782 |   1362 |
|   1783 |   1212 |
|   1784 |   1172 |
|   1785 |    458 |
|   1786 |     92 |
|   1787 |    624 |
|   1788 |    668 |
|   1789 |    376 |
|   1790 |    302 |
|   1791 |    194 |
|   1792 |    460 |
|   1793 |    563 |
|   1794 |   1046 |
|   1795 |   1090 |
|   1796 |   1473 |
|   1797 |    210 |
|   1798 |    694 |
|   1799 |   1335 |
|   1800 |    480 |
|   1801 |    865 |
|   1802 |    236 |
|   1803 |    170 |
|   1804 |   1232 |
|   1805 |    666 |
|   1806 |   1321 |
|   1807 |   1005 |
|   1808 |   1438 |
|   1809 |    420 |
|   1810 |    444 |
|   1811 |   1024 |
|   1812 |    340 |
|   1813 |   1260 |
|   1814 |   1456 |
|   1815 |    795 |
|   1816 |    852 |
|   1817 |    413 |
|   1818 |   1168 |
|   1819 |    771 |
|   1820 |   1230 |
|   1821 |   1213 |
|   1822 |    207 |
|   1823 |    948 |
|   1824 |    478 |
|   1825 |   1197 |
|   1826 |    764 |
|   1827 |    861 |
|   1828 |   1275 |
|   1829 |    638 |
|   1830 |    138 |
|   1831 |    795 |
|   1832 |   1427 |
|   1833 |   1278 |
|   1834 |    663 |
|   1835 |   1478 |
|   1836 |    593 |
|   1837 |    286 |
|   1838 |    300 |
|   1839 |    308 |
|   1840 |    127 |
|   1841 |   1016 |
|   1842 |    177 |
|   1843 |    549 |
|   1844 |    150 |
|   1845 |    270 |
|   1846 |    248 |
|   1847 |    245 |
|   1848 |    268 |
|   1849 |   1342 |
|   1850 |   1343 |
|   1851 |    607 |
|   1852 |    451 |
|   1853 |   1103 |
|   1854 |   1396 |
|   1855 |    980 |
|   1856 |   1190 |
|   1857 |    686 |
|   1858 |    745 |
|   1859 |   1100 |
|   1860 |     79 |
|   1861 |   1147 |
|   1862 |    826 |
|   1863 |   1231 |
|   1864 |   1065 |
|   1865 |    260 |
|   1866 |     82 |
|   1867 |    171 |
|   1868 |    907 |
|   1869 |    226 |
|   1870 |    268 |
|   1871 |    847 |
|   1872 |   1107 |
|   1873 |    515 |
|   1874 |   1272 |
|   1875 |   1069 |
|   1876 |   1193 |
|   1877 |   1212 |
|   1878 |   1454 |
|   1879 |    988 |
|   1880 |    275 |
|   1881 |    784 |
|   1882 |   1198 |
|   1883 |   1137 |
|   1884 |   1094 |
|   1885 |    572 |
|   1886 |   1425 |
|   1887 |    784 |
|   1888 |    339 |
|   1889 |    877 |
|   1890 |   1350 |
|   1891 |    822 |
|   1892 |    239 |
|   1893 |    733 |
|   1894 |    856 |
|   1895 |    485 |
|   1896 |    510 |
|   1897 |    977 |
|   1898 |   1144 |
|   1899 |    568 |
|   1900 |   1155 |
|   1901 |    429 |
|   1902 |    444 |
|   1903 |    534 |
|   1904 |   1391 |
|   1905 |   1293 |
|   1906 |    559 |
|   1907 |    947 |
|   1908 |     55 |
|   1909 |    489 |
|   1910 |    636 |
|   1911 |   1461 |
|   1912 |    884 |
|   1913 |    380 |
|   1914 |   1331 |
|   1915 |   1134 |
|   1916 |   1329 |
|   1917 |    439 |
|   1918 |   1055 |
|   1919 |    231 |
|   1920 |    669 |
|   1921 |   1153 |
|   1922 |    493 |
|   1923 |    571 |
|   1924 |    276 |
|   1925 |    663 |
|   1926 |    875 |
|   1927 |    341 |
|   1928 |    836 |
|   1929 |     65 |
|   1930 |    560 |
|   1931 |   1042 |
|   1932 |    993 |
|   1933 |   1240 |
|   1934 |    989 |
|   1935 |    738 |
|   1936 |   1338 |
|   1937 |   1008 |
|   1938 |    703 |
|   1939 |   1336 |
|   1940 |    342 |
|   1941 |   1264 |
|   1942 |   1301 |
|   1943 |    189 |
|   1944 |    327 |
|   1945 |    835 |
|   1946 |    697 |
|   1947 |    176 |
|   1948 |     81 |
|   1949 |    947 |
|   1950 |    730 |
|   1951 |    131 |
|   1952 |    217 |
|   1953 |    790 |
|   1954 |   1362 |
|   1955 |     82 |
|   1956 |    440 |
|   1957 |   1116 |
|   1958 |    613 |
|   1959 |   1301 |
|   1960 |   1342 |
|   1961 |   1289 |
|   1962 |    801 |
|   1963 |    749 |
|   1964 |     56 |
|   1965 |    310 |
|   1966 |    432 |
|   1967 |   1043 |
|   1968 |   1139 |
|   1969 |    853 |
|   1970 |    313 |
|   1971 |   1013 |
|   1972 |   1079 |
|   1973 |    210 |
|   1974 |   1343 |
|   1975 |   1053 |
|   1976 |    840 |
|   1977 |   1391 |
|   1978 |    845 |
|   1979 |    450 |
|   1980 |     78 |
|   1981 |   1119 |
|   1982 |    582 |
|   1983 |    383 |
|   1984 |     73 |
|   1985 |   1183 |
|   1986 |    445 |
|   1987 |    652 |
|   1988 |    509 |
|   1989 |     99 |
|   1990 |    461 |
|   1991 |   1357 |
|   1992 |   1180 |
|   1993 |    882 |
|   1994 |    224 |
|   1995 |    470 |
|   1996 |    913 |
|   1997 |   1439 |
|   1998 |    798 |
|   1999 |   1066 |
|   2000 |   1126 |
|   2001 |    244 |
|   2002 |    925 |
|   2003 |     95 |
|   2004 |    332 |
|   2005 |    570 |
|   2006 |    365 |
|   2007 |    289 |
|   2008 |   1282 |
|   2009 |    990 |
|   2010 |    243 |
|   2011 |   1440 |
|   2012 |    948 |
|   2013 |   1211 |
|   2014 |    887 |
|   2015 |    419 |
|   2016 |    243 |
|   2017 |    778 |
|   2018 |   1061 |
|   2019 |    772 |
|   2020 |     74 |
|   2021 |    483 |
|   2022 |    470 |
|   2023 |    608 |
|   2024 |    652 |
|   2025 |    953 |
|   2026 |    691 |
|   2027 |    951 |
|   2028 |   1384 |
|   2029 |    994 |
|   2030 |    434 |
|   2031 |    804 |
|   2032 |    345 |
|   2033 |    797 |
|   2034 |   1290 |
|   2035 |    107 |
|   2036 |   1322 |
|   2037 |    583 |
|   2038 |    415 |
|   2039 |    874 |
|   2040 |    226 |
|   2041 |   1209 |
|   2042 |    659 |
|   2043 |    911 |
|   2044 |   1234 |
|   2045 |   1466 |
|   2046 |    763 |
|   2047 |    788 |
|   2048 |    753 |
|   2049 |    932 |
|   2050 |   1388 |
|   2051 |    322 |
|   2052 |   1437 |
|   2053 |    772 |
|   2054 |   1315 |
|   2055 |    599 |
|   2056 |    442 |
|   2057 |    291 |
|   2058 |   1099 |
|   2059 |    549 |
|   2060 |   1186 |
|   2061 |   1173 |
|   2062 |   1309 |
|   2063 |   1269 |
|   2064 |    860 |
|   2065 |   1384 |
|   2066 |    654 |
|   2067 |    758 |
|   2068 |   1380 |
|   2069 |   1488 |
|   2070 |   1401 |
|   2071 |    628 |
|   2072 |    154 |
|   2073 |    407 |
|   2074 |    230 |
|   2075 |    138 |
|   2076 |   1300 |
|   2077 |   1139 |
|   2078 |    665 |
|   2079 |    200 |
|   2080 |    250 |
|   2081 |   1273 |
|   2082 |   1245 |
|   2083 |    652 |
|   2084 |   1051 |
|   2085 |   1431 |
|   2086 |   1041 |
|   2087 |   1440 |
|   2088 |    948 |
|   2089 |    627 |
|   2090 |    790 |
|   2091 |   1255 |
|   2092 |   1035 |
|   2093 |    183 |
|   2094 |   1183 |
|   2095 |   1294 |
|   2096 |    560 |
|   2097 |    154 |
|   2098 |    111 |
|   2099 |    817 |
|   2100 |   1329 |
|   2101 |    679 |
|   2102 |    388 |
|   2103 |    975 |
|   2104 |   1458 |
|   2105 |    292 |
|   2106 |    394 |
|   2107 |    532 |
|   2108 |    670 |
|   2109 |   1067 |
|   2110 |    404 |
|   2111 |    921 |
|   2112 |    219 |
|   2113 |    516 |
|   2114 |    796 |
|   2115 |   1176 |
|   2116 |    962 |
|   2117 |   1412 |
|   2118 |   1036 |
|   2119 |    151 |
|   2120 |    856 |
|   2121 |     86 |
|   2122 |    567 |
|   2123 |   1341 |
|   2124 |    984 |
|   2125 |   1158 |
|   2126 |   1273 |
|   2127 |   1431 |
|   2128 |     71 |
|   2129 |    285 |
|   2130 |    931 |
|   2131 |   1052 |
|   2132 |    334 |
|   2133 |    986 |
|   2134 |   1094 |
|   2135 |    708 |
|   2136 |    212 |
|   2137 |    295 |
|   2138 |    931 |
|   2139 |    849 |
|   2140 |   1159 |
|   2141 |   1135 |
|   2142 |    638 |
|   2143 |    853 |
|   2144 |   1287 |
|   2145 |   1301 |
|   2146 |    667 |
|   2147 |    720 |
|   2148 |    324 |
|   2149 |    536 |
|   2150 |     61 |
|   2151 |    476 |
|   2152 |    824 |
|   2153 |    363 |
|   2154 |   1036 |
|   2155 |   1218 |
|   2156 |    804 |
|   2157 |    275 |
|   2158 |   1382 |
|   2159 |    482 |
|   2160 |    833 |
|   2161 |    126 |
|   2162 |    389 |
|   2163 |    779 |
|   2164 |    704 |
|   2165 |     97 |
|   2166 |   1408 |
|   2167 |   1357 |
|   2168 |    405 |
|   2169 |    963 |
|   2170 |   1417 |
|   2171 |   1196 |
|   2172 |    871 |
|   2173 |    282 |
|   2174 |    625 |
|   2175 |   1071 |
|   2176 |   1185 |
|   2177 |    256 |
|   2178 |    677 |
|   2179 |    916 |
|   2180 |   1460 |
|   2181 |    678 |
|   2182 |   1156 |
|   2183 |    313 |
|   2184 |    844 |
|   2185 |    474 |
|   2186 |   1019 |
|   2187 |    617 |
|   2188 |   1360 |
|   2189 |   1243 |
|   2190 |    427 |
|   2191 |    701 |
|   2192 |    763 |
|   2193 |    577 |
|   2194 |    115 |
|   2195 |    276 |
|   2196 |    654 |
|   2197 |   1053 |
|   2198 |    511 |
|   2199 |    672 |
|   2200 |   1088 |
|   2201 |   1449 |
|   2202 |    878 |
|   2203 |   1392 |
|   2204 |    192 |
|   2205 |    286 |
|   2206 |   1488 |
|   2207 |   1390 |
|   2208 |   1304 |
|   2209 |    755 |
|   2210 |   1120 |
|   2211 |    119 |
|   2212 |    141 |
|   2213 |    408 |
|   2214 |     83 |
|   2215 |    108 |
|   2216 |    317 |
|   2217 |   1039 |
|   2218 |   1116 |
|   2219 |    511 |
|   2220 |    234 |
|   2221 |   1332 |
|   2222 |   1083 |
|   2223 |   1239 |
|   2224 |    272 |
|   2225 |    339 |
|   2226 |   1477 |
|   2227 |    170 |
|   2228 |    421 |
|   2229 |    171 |
|   2230 |   1273 |
|   2231 |   1102 |
|   2232 |    327 |
|   2233 |    126 |
|   2234 |   1119 |
|   2235 |    437 |
|   2236 |     77 |
|   2237 |    845 |
|   2238 |   1044 |
|   2239 |   1102 |
|   2240 |   1133 |
|   2241 |    395 |
|   2242 |   1381 |
|   2243 |   1071 |
|   2244 |    869 |
|   2245 |   1091 |
|   2246 |   1131 |
|   2247 |    101 |
|   2248 |    753 |
|   2249 |    430 |
|   2250 |    341 |
|   2251 |    988 |
|   2252 |    233 |
|   2253 |    354 |
|   2254 |    242 |
|   2255 |    759 |
|   2256 |   1289 |
|   2257 |    785 |
|   2258 |    572 |
|   2259 |    448 |
|   2260 |   1110 |
|   2261 |    652 |
|   2262 |    994 |
|   2263 |    712 |
|   2264 |   1328 |
|   2265 |    198 |
|   2266 |   1215 |
|   2267 |   1339 |
|   2268 |    215 |
|   2269 |    459 |
|   2270 |   1373 |
|   2271 |    201 |
|   2272 |   1250 |
|   2273 |    216 |
|   2274 |   1098 |
|   2275 |   1436 |
|   2276 |    199 |
|   2277 |   1072 |
|   2278 |    150 |
|   2279 |   1047 |
|   2280 |   1061 |
|   2281 |   1454 |
|   2282 |    780 |
|   2283 |    177 |
|   2284 |    918 |
|   2285 |   1445 |
|   2286 |    552 |
|   2287 |    811 |
|   2288 |    953 |
|   2289 |    456 |
|   2290 |    186 |
|   2291 |    832 |
|   2292 |    454 |
|   2293 |    894 |
|   2294 |    430 |
|   2295 |    491 |
|   2296 |    326 |
|   2297 |    188 |
|   2298 |    303 |
|   2299 |   1355 |
|   2300 |   1307 |
|   2301 |   1422 |
|   2302 |    342 |
|   2303 |   1100 |
|   2304 |    846 |
|   2305 |    900 |
|   2306 |   1113 |
|   2307 |   1391 |
|   2308 |   1204 |
|   2309 |   1062 |
|   2310 |    769 |
|   2311 |    376 |
|   2312 |    568 |
|   2313 |    756 |
|   2314 |    266 |
|   2315 |    266 |
|   2316 |    812 |
|   2317 |   1358 |
|   2318 |   1127 |
|   2319 |    468 |
|   2320 |   1063 |
|   2321 |    143 |
|   2322 |   1314 |
|   2323 |    237 |
|   2324 |    114 |
|   2325 |    199 |
|   2326 |    273 |
|   2327 |    418 |
|   2328 |    296 |
|   2329 |    503 |
|   2330 |   1044 |
|   2331 |    468 |
|   2332 |    166 |
|   2333 |   1083 |
|   2334 |    220 |
|   2335 |    771 |
|   2336 |    182 |
|   2337 |    544 |
|   2338 |    273 |
|   2339 |   1392 |
|   2340 |    840 |
|   2341 |    154 |
|   2342 |    847 |
|   2343 |    203 |
|   2344 |    713 |
|   2345 |    627 |
|   2346 |    213 |
|   2347 |    804 |
|   2348 |    399 |
|   2349 |     57 |
|   2350 |    405 |
|   2351 |    232 |
|   2352 |   1483 |
|   2353 |   1005 |
|   2354 |    333 |
|   2355 |   1353 |
|   2356 |   1089 |
|   2357 |    461 |
|   2358 |   1027 |
|   2359 |    732 |
|   2360 |    396 |
|   2361 |   1204 |
|   2362 |    865 |
|   2363 |   1361 |
|   2364 |    142 |
|   2365 |    562 |
|   2366 |    293 |
|   2367 |    367 |
|   2368 |   1459 |
|   2369 |   1151 |
|   2370 |    931 |
|   2371 |    361 |
|   2372 |    282 |
|   2373 |    232 |
|   2374 |   1495 |
|   2375 |   1431 |
|   2376 |    363 |
|   2377 |    228 |
|   2378 |    290 |
|   2379 |    310 |
|   2380 |    518 |
|   2381 |    263 |
|   2382 |    906 |
|   2383 |    856 |
|   2384 |    957 |
|   2385 |    746 |
|   2386 |    936 |
|   2387 |    895 |
|   2388 |    387 |
|   2389 |   1256 |
|   2390 |   1195 |
|   2391 |    549 |
|   2392 |   1366 |
|   2393 |     61 |
|   2394 |    943 |
|   2395 |   1303 |
|   2396 |    319 |
|   2397 |    472 |
|   2398 |    528 |
|   2399 |    903 |
|   2400 |    914 |
|   2401 |    677 |
|   2402 |     81 |
|   2403 |    258 |
|   2404 |   1065 |
|   2405 |    702 |
|   2406 |    370 |
|   2407 |    838 |
|   2408 |    876 |
|   2409 |    940 |
|   2410 |    432 |
|   2411 |   1144 |
|   2412 |   1362 |
|   2413 |    889 |
|   2414 |    366 |
|   2415 |    992 |
|   2416 |   1077 |
|   2417 |   1310 |
|   2418 |    634 |
|   2419 |    213 |
|   2420 |    733 |
|   2421 |    706 |
|   2422 |    906 |
|   2423 |    498 |
|   2424 |   1077 |
|   2425 |    483 |
|   2426 |   1285 |
|   2427 |    847 |
|   2428 |    654 |
|   2429 |    200 |
|   2430 |    800 |
|   2431 |    123 |
|   2432 |    705 |
|   2433 |    630 |
|   2434 |    153 |
|   2435 |   1182 |
|   2436 |    288 |
|   2437 |    505 |
|   2438 |    380 |
|   2439 |    622 |
|   2440 |    652 |
|   2441 |    591 |
|   2442 |    236 |
|   2443 |    761 |
|   2444 |    249 |
|   2445 |    589 |
|   2446 |   1279 |
|   2447 |    220 |
|   2448 |   1128 |
|   2449 |   1104 |
|   2450 |    530 |
|   2451 |    216 |
|   2452 |    309 |
|   2453 |    415 |
|   2454 |    102 |
|   2455 |    940 |
|   2456 |   1367 |
|   2457 |    523 |
|   2458 |    585 |
|   2459 |    569 |
|   2460 |    380 |
|   2461 |   1076 |
|   2462 |    740 |
|   2463 |    480 |
|   2464 |   1084 |
|   2465 |    419 |
|   2466 |   1401 |
|   2467 |    933 |
|   2468 |    538 |
|   2469 |    860 |
|   2470 |    733 |
|   2471 |    303 |
|   2472 |    460 |
|   2473 |     97 |
|   2474 |   1423 |
|   2475 |   1197 |
|   2476 |    274 |
|   2477 |   1221 |
|   2478 |    554 |
|   2479 |    168 |
|   2480 |    567 |
|   2481 |    927 |
|   2482 |    724 |
|   2483 |    606 |
|   2484 |    591 |
|   2485 |    196 |
|   2486 |    290 |
|   2487 |    822 |
|   2488 |   1313 |
|   2489 |   1260 |
|   2490 |    458 |
|   2491 |   1480 |
|   2492 |    564 |
|   2493 |    526 |
|   2494 |    858 |
|   2495 |    658 |
|   2496 |    559 |
|   2497 |    948 |
|   2498 |    733 |
|   2499 |    413 |
|   2500 |    423 |
|   2501 |    749 |
|   2502 |    226 |
|   2503 |    754 |
|   2504 |   1392 |
|   2505 |    885 |
|   2506 |    419 |
|   2507 |    156 |
|   2508 |   1195 |
|   2509 |   1244 |
|   2510 |    182 |
|   2511 |   1196 |
|   2512 |   1198 |
|   2513 |   1192 |
|   2514 |   1159 |
|   2515 |    605 |
|   2516 |    742 |
|   2517 |    290 |
|   2518 |   1157 |
|   2519 |    430 |
|   2520 |    999 |
|   2521 |   1110 |
|   2522 |    797 |
|   2523 |   1210 |
|   2524 |   1417 |
|   2525 |   1102 |
|   2526 |    319 |
|   2527 |   1420 |
|   2528 |   1005 |
|   2529 |    666 |
|   2530 |    191 |
|   2531 |   1446 |
|   2532 |    767 |
|   2533 |    893 |
|   2534 |    615 |
|   2535 |    308 |
|   2536 |   1017 |
|   2537 |   1090 |
|   2538 |   1433 |
|   2539 |    792 |
|   2540 |    789 |
|   2541 |   1236 |
|   2542 |   1024 |
|   2543 |    830 |
|   2544 |   1165 |
|   2545 |    730 |
|   2546 |   1492 |
|   2547 |   1035 |
|   2548 |    171 |
|   2549 |    662 |
|   2550 |    209 |
|   2551 |   1260 |
|   2552 |    304 |
|   2553 |   1088 |
|   2554 |   1195 |
|   2555 |    916 |
|   2556 |   1460 |
|   2557 |   1308 |
|   2558 |   1427 |
|   2559 |   1394 |
|   2560 |    286 |
|   2561 |    350 |
|   2562 |   1103 |
|   2563 |   1496 |
|   2564 |    631 |
|   2565 |    478 |
|   2566 |   1381 |
|   2567 |    763 |
|   2568 |    877 |
|   2569 |    702 |
|   2570 |    940 |
|   2571 |   1060 |
|   2572 |     72 |
|   2573 |    272 |
|   2574 |   1419 |
|   2575 |    684 |
|   2576 |     83 |
|   2577 |    175 |
|   2578 |    935 |
|   2579 |    288 |
|   2580 |    797 |
|   2581 |   1427 |
|   2582 |     91 |
|   2583 |    841 |
|   2584 |    154 |
|   2585 |    688 |
|   2586 |   1099 |
|   2587 |   1412 |
|   2588 |    230 |
|   2589 |   1009 |
|   2590 |    677 |
|   2591 |   1453 |
|   2592 |     64 |
|   2593 |    635 |
|   2594 |    305 |
|   2595 |   1187 |
|   2596 |    968 |
|   2597 |    424 |
|   2598 |    693 |
|   2599 |    749 |
|   2600 |   1132 |
|   2601 |    950 |
|   2602 |    887 |
|   2603 |    835 |
|   2604 |    322 |
|   2605 |    284 |
|   2606 |    863 |
|   2607 |    674 |
|   2608 |   1353 |
|   2609 |   1468 |
|   2610 |   1242 |
|   2611 |    504 |
|   2612 |   1373 |
|   2613 |    690 |
|   2614 |    271 |
|   2615 |    376 |
|   2616 |    434 |
|   2617 |   1433 |
|   2618 |    472 |
|   2619 |    282 |
|   2620 |    753 |
|   2621 |    559 |
|   2622 |   1379 |
|   2623 |   1211 |
|   2624 |   1308 |
|   2625 |    991 |
|   2626 |    672 |
|   2627 |    256 |
|   2628 |    514 |
|   2629 |     58 |
|   2630 |    224 |
|   2631 |    270 |
|   2632 |    610 |
|   2633 |    338 |
|   2634 |   1423 |
|   2635 |    681 |
|   2636 |    442 |
|   2637 |   1301 |
|   2638 |    285 |
|   2639 |    139 |
|   2640 |    793 |
|   2641 |    558 |
|   2642 |   1125 |
|   2643 |    333 |
|   2644 |    879 |
|   2645 |    452 |
|   2646 |     83 |
|   2647 |    589 |
|   2648 |   1453 |
|   2649 |    699 |
|   2650 |    425 |
|   2651 |   1444 |
|   2652 |    389 |
|   2653 |    667 |
|   2654 |   1220 |
|   2655 |    744 |
|   2656 |   1340 |
|   2657 |     56 |
|   2658 |   1122 |
|   2659 |    205 |
|   2660 |   1040 |
|   2661 |    932 |
|   2662 |   1342 |
|   2663 |   1203 |
|   2664 |    521 |
|   2665 |   1126 |
|   2666 |   1468 |
|   2667 |    385 |
|   2668 |   1130 |
|   2669 |    249 |
|   2670 |    989 |
|   2671 |    253 |
|   2672 |    299 |
|   2673 |   1406 |
|   2674 |   1333 |
|   2675 |    366 |
|   2676 |    927 |
|   2677 |    522 |
|   2678 |    680 |
|   2679 |    404 |
|   2680 |    469 |
|   2681 |   1290 |
|   2682 |    116 |
|   2683 |   1367 |
|   2684 |    844 |
|   2685 |   1472 |
|   2686 |    738 |
|   2687 |    688 |
|   2688 |   1049 |
|   2689 |    759 |
|   2690 |   1403 |
|   2691 |    611 |
|   2692 |   1257 |
|   2693 |    323 |
|   2694 |   1427 |
|   2695 |   1063 |
|   2696 |   1187 |
|   2697 |   1087 |
|   2698 |    555 |
|   2699 |   1143 |
|   2700 |    765 |
|   2701 |    718 |
|   2702 |   1284 |
|   2703 |   1415 |
|   2704 |    840 |
|   2705 |    586 |
|   2706 |   1111 |
|   2707 |    185 |
|   2708 |    286 |
|   2709 |    500 |
|   2710 |    214 |
|   2711 |     71 |
|   2712 |   1339 |
|   2713 |    353 |
|   2714 |    719 |
|   2715 |   1305 |
|   2716 |    780 |
|   2717 |    417 |
|   2718 |    841 |
|   2719 |    245 |
|   2720 |   1228 |
|   2721 |    512 |
|   2722 |    835 |
|   2723 |    211 |
|   2724 |     88 |
|   2725 |   1263 |
|   2726 |   1227 |
|   2727 |    916 |
|   2728 |   1264 |
|   2729 |    800 |
|   2730 |    405 |
|   2731 |    678 |
|   2732 |   1215 |
|   2733 |    447 |
|   2734 |    108 |
|   2735 |    777 |
|   2736 |    737 |
|   2737 |   1411 |
|   2738 |   1098 |
|   2739 |    561 |
|   2740 |    893 |
|   2741 |    292 |
|   2742 |    974 |
|   2743 |   1497 |
|   2744 |    937 |
|   2745 |    756 |
|   2746 |   1173 |
|   2747 |    943 |
|   2748 |   1225 |
|   2749 |   1352 |
|   2750 |    384 |
|   2751 |     52 |
|   2752 |    635 |
|   2753 |     51 |
|   2754 |    586 |
|   2755 |   1447 |
|   2756 |     71 |
|   2757 |   1169 |
|   2758 |    945 |
|   2759 |    777 |
|   2760 |    972 |
|   2761 |    941 |
|   2762 |   1145 |
|   2763 |    277 |
|   2764 |    451 |
|   2765 |    121 |
|   2766 |    468 |
|   2767 |    446 |
|   2768 |    121 |
|   2769 |    219 |
|   2770 |    257 |
|   2771 |    849 |
|   2772 |    343 |
|   2773 |    527 |
|   2774 |     58 |
|   2775 |    829 |
|   2776 |    223 |
|   2777 |    919 |
|   2778 |    263 |
|   2779 |    625 |
|   2780 |   1341 |
|   2781 |   1217 |
|   2782 |   1396 |
|   2783 |    440 |
|   2784 |    295 |
|   2785 |    202 |
|   2786 |    364 |
|   2787 |    453 |
|   2788 |   1233 |
|   2789 |    338 |
|   2790 |    688 |
|   2791 |    547 |
|   2792 |   1121 |
|   2793 |    386 |
|   2794 |    953 |
|   2795 |    570 |
|   2796 |   1153 |
|   2797 |    514 |
|   2798 |    116 |
|   2799 |   1094 |
|   2800 |   1167 |
|   2801 |   1059 |
|   2802 |    773 |
|   2803 |    357 |
|   2804 |   1476 |
|   2805 |   1461 |
|   2806 |   1278 |
|   2807 |    820 |
|   2808 |   1054 |
|   2809 |    478 |
|   2810 |   1388 |
|   2811 |    735 |
|   2812 |    996 |
|   2813 |    371 |
|   2814 |    405 |
|   2815 |    626 |
|   2816 |    442 |
|   2817 |    360 |
|   2818 |   1213 |
|   2819 |   1000 |
|   2820 |    213 |
|   2821 |   1350 |
|   2822 |   1223 |
|   2823 |    392 |
|   2824 |   1415 |
|   2825 |    817 |
|   2826 |    975 |
|   2827 |    509 |
|   2828 |    948 |
|   2829 |    862 |
|   2830 |    813 |
|   2831 |    398 |
|   2832 |    148 |
|   2833 |   1138 |
|   2834 |    156 |
|   2835 |   1419 |
|   2836 |   1301 |
|   2837 |   1092 |
|   2838 |   1250 |
|   2839 |   1225 |
|   2840 |    477 |
|   2841 |   1154 |
|   2842 |    807 |
|   2843 |    583 |
|   2844 |    708 |
|   2845 |    720 |
|   2846 |    391 |
|   2847 |   1011 |
|   2848 |    501 |
|   2849 |    513 |
|   2850 |    318 |
|   2851 |    576 |
|   2852 |    844 |
|   2853 |    740 |
|   2854 |    452 |
|   2855 |    140 |
|   2856 |    339 |
|   2857 |   1147 |
|   2858 |   1445 |
|   2859 |    248 |
|   2860 |    306 |
|   2861 |    269 |
|   2862 |   1200 |
|   2863 |    689 |
|   2864 |    163 |
|   2865 |   1045 |
|   2866 |    134 |
|   2867 |    153 |
|   2868 |   1239 |
|   2869 |    210 |
|   2870 |    517 |
|   2871 |    329 |
|   2872 |    390 |
|   2873 |    801 |
|   2874 |   1304 |
|   2875 |   1043 |
|   2876 |    135 |
|   2877 |    249 |
|   2878 |    415 |
|   2879 |   1044 |
|   2880 |    466 |
|   2881 |   1498 |
|   2882 |    242 |
|   2883 |   1366 |
|   2884 |   1135 |
|   2885 |    497 |
|   2886 |    621 |
|   2887 |    298 |
|   2888 |   1079 |
|   2889 |    794 |
|   2890 |     71 |
|   2891 |   1151 |
|   2892 |   1485 |
|   2893 |    787 |
|   2894 |    450 |
|   2895 |   1112 |
|   2896 |    677 |
|   2897 |   1373 |
|   2898 |   1192 |
|   2899 |   1104 |
|   2900 |     95 |
|   2901 |    621 |
|   2902 |   1467 |
|   2903 |    871 |
|   2904 |    599 |
|   2905 |    525 |
|   2906 |   1195 |
|   2907 |    785 |
|   2908 |    953 |
|   2909 |   1176 |
|   2910 |   1029 |
|   2911 |    262 |
|   2912 |    890 |
|   2913 |    377 |
|   2914 |    234 |
|   2915 |    935 |
|   2916 |    752 |
|   2917 |   1289 |
|   2918 |    533 |
|   2919 |    380 |
|   2920 |   1199 |
|   2921 |   1398 |
|   2922 |   1310 |
|   2923 |    908 |
|   2924 |    447 |
|   2925 |    806 |
|   2926 |    131 |
|   2927 |    786 |
|   2928 |    408 |
|   2929 |   1267 |
|   2930 |    827 |
|   2931 |   1458 |
|   2932 |    854 |
|   2933 |    403 |
|   2934 |    526 |
|   2935 |    715 |
|   2936 |    165 |
|   2937 |   1306 |
|   2938 |   1372 |
|   2939 |    236 |
|   2940 |    736 |
|   2941 |    551 |
|   2942 |    255 |
|   2943 |   1470 |
|   2944 |    143 |
|   2945 |    374 |
|   2946 |    371 |
|   2947 |    395 |
|   2948 |    258 |
|   2949 |    712 |
|   2950 |    115 |
|   2951 |   1371 |
|   2952 |   1438 |
|   2953 |   1292 |
|   2954 |   1268 |
|   2955 |   1079 |
|   2956 |    421 |
|   2957 |    915 |
|   2958 |     58 |
|   2959 |   1241 |
|   2960 |    137 |
|   2961 |    608 |
|   2962 |    607 |
|   2963 |   1307 |
|   2964 |   1488 |
|   2965 |    712 |
|   2966 |   1431 |
|   2967 |    358 |
|   2968 |    234 |
|   2969 |    701 |
|   2970 |    296 |
|   2971 |    906 |
|   2972 |    444 |
|   2973 |    989 |
|   2974 |    849 |
|   2975 |   1448 |
|   2976 |    870 |
|   2977 |   1264 |
|   2978 |    573 |
|   2979 |    547 |
|   2980 |    171 |
|   2981 |     75 |
|   2982 |    545 |
|   2983 |    149 |
|   2984 |    644 |
|   2985 |    162 |
|   2986 |   1243 |
|   2987 |   1097 |
|   2988 |    441 |
|   2989 |   1355 |
|   2990 |    541 |
|   2991 |   1172 |
|   2992 |    354 |
|   2993 |    908 |
|   2994 |   1414 |
|   2995 |    496 |
|   2996 |   1235 |
|   2997 |    475 |
|   2998 |    965 |
|   2999 |    557 |
|   3000 |    175 |
|   3001 |    656 |
|   3002 |    797 |
|   3003 |    482 |
|   3004 |    420 |
|   3005 |    829 |
|   3006 |   1424 |
|   3007 |    687 |
|   3008 |    876 |
|   3009 |    470 |
|   3010 |   1403 |
|   3011 |    777 |
|   3012 |   1197 |
|   3013 |   1234 |
|   3014 |    781 |
|   3015 |    261 |
|   3016 |    404 |
|   3017 |    169 |
|   3018 |    138 |
|   3019 |    576 |
|   3020 |    835 |
|   3021 |    122 |
|   3022 |    254 |
|   3023 |   1499 |
|   3024 |    354 |
|   3025 |   1264 |
|   3026 |   1104 |
|   3027 |    783 |
|   3028 |    957 |
|   3029 |   1301 |
|   3030 |    591 |
|   3031 |   1461 |
|   3032 |    138 |
|   3033 |    976 |
|   3034 |    998 |
|   3035 |   1361 |
|   3036 |   1286 |
|   3037 |    937 |
|   3038 |   1188 |
|   3039 |    596 |
|   3040 |    743 |
|   3041 |    426 |
|   3042 |   1393 |
|   3043 |   1110 |
|   3044 |   1473 |
|   3045 |   1097 |
|   3046 |    844 |
|   3047 |    474 |
|   3048 |    974 |
|   3049 |   1011 |
|   3050 |   1278 |
|   3051 |    513 |
|   3052 |    438 |
|   3053 |   1032 |
|   3054 |   1476 |
|   3055 |   1230 |
|   3056 |    491 |
|   3057 |    609 |
|   3058 |   1272 |
|   3059 |    991 |
|   3060 |    794 |
|   3061 |    700 |
|   3062 |    695 |
|   3063 |   1329 |
|   3064 |    870 |
|   3065 |    645 |
|   3066 |   1319 |
|   3067 |   1362 |
|   3068 |   1119 |
|   3069 |    650 |
|   3070 |    282 |
|   3071 |   1041 |
|   3072 |     92 |
|   3073 |    455 |
|   3074 |    435 |
|   3075 |    232 |
|   3076 |    841 |
|   3077 |     75 |
|   3078 |   1016 |
|   3079 |     97 |
|   3080 |    530 |
|   3081 |    155 |
|   3082 |    133 |
|   3083 |    494 |
|   3084 |    264 |
|   3085 |    965 |
|   3086 |    642 |
|   3087 |    480 |
|   3088 |    687 |
|   3089 |    956 |
|   3090 |    817 |
|   3091 |    681 |
|   3092 |    391 |
|   3093 |    968 |
|   3094 |    682 |
|   3095 |    271 |
|   3096 |    724 |
|   3097 |   1407 |
|   3098 |    945 |
|   3099 |    715 |
|   3100 |    378 |
|   3101 |    588 |
|   3102 |    862 |
|   3103 |    418 |
|   3104 |    871 |
|   3105 |   1048 |
|   3106 |   1220 |
|   3107 |    662 |
|   3108 |    765 |
|   3109 |    517 |
|   3110 |    984 |
|   3111 |    373 |
|   3112 |    945 |
|   3113 |    966 |
|   3114 |    191 |
|   3115 |    142 |
|   3116 |    295 |
|   3117 |   1144 |
|   3118 |   1240 |
|   3119 |    467 |
|   3120 |    928 |
|   3121 |    300 |
|   3122 |    284 |
|   3123 |   1057 |
|   3124 |   1065 |
|   3125 |    875 |
|   3126 |    422 |
|   3127 |    132 |
|   3128 |   1049 |
|   3129 |   1364 |
|   3130 |    781 |
|   3131 |   1275 |
|   3132 |    408 |
|   3133 |    439 |
|   3134 |    823 |
|   3135 |     62 |
|   3136 |   1140 |
|   3137 |    306 |
|   3138 |   1201 |
|   3139 |    949 |
|   3140 |    981 |
|   3141 |   1077 |
|   3142 |   1477 |
|   3143 |   1023 |
|   3144 |    323 |
|   3145 |   1179 |
|   3146 |    641 |
|   3147 |    313 |
|   3148 |   1482 |
|   3149 |    963 |
|   3150 |    899 |
|   3151 |    739 |
|   3152 |    589 |
|   3153 |   1453 |
|   3154 |   1152 |
|   3155 |   1008 |
|   3156 |    163 |
|   3157 |    737 |
|   3158 |   1323 |
|   3159 |     61 |
|   3160 |    706 |
|   3161 |    516 |
|   3162 |   1114 |
|   3163 |    982 |
|   3164 |   1209 |
|   3165 |     96 |
|   3166 |   1089 |
|   3167 |    434 |
|   3168 |   1153 |
|   3169 |   1203 |
|   3170 |    438 |
|   3171 |   1360 |
|   3172 |    657 |
|   3173 |    428 |
|   3174 |    562 |
|   3175 |   1136 |
|   3176 |    840 |
|   3177 |    372 |
|   3178 |   1220 |
|   3179 |    219 |
|   3180 |    801 |
|   3181 |    755 |
|   3182 |    451 |
|   3183 |    513 |
|   3184 |    103 |
|   3185 |    476 |
|   3186 |    833 |
|   3187 |    336 |
|   3188 |    449 |
|   3189 |   1057 |
|   3190 |    257 |
|   3191 |    971 |
|   3192 |    589 |
|   3193 |    538 |
|   3194 |   1358 |
|   3195 |    406 |
|   3196 |     87 |
|   3197 |   1226 |
|   3198 |    623 |
|   3199 |    667 |
|   3200 |    811 |
|   3201 |    368 |
|   3202 |    954 |
|   3203 |    377 |
|   3204 |    853 |
|   3205 |    946 |
|   3206 |     55 |
|   3207 |   1443 |
|   3208 |   1315 |
|   3209 |    354 |
|   3210 |    131 |
|   3211 |   1452 |
|   3212 |   1223 |
|   3213 |    674 |
|   3214 |    126 |
|   3215 |   1428 |
|   3216 |    944 |
|   3217 |     66 |
|   3218 |    614 |
|   3219 |    702 |
|   3220 |   1399 |
|   3221 |   1167 |
|   3222 |    542 |
|   3223 |   1397 |
|   3224 |    970 |
|   3225 |    593 |
|   3226 |    863 |
|   3227 |    426 |
|   3228 |   1491 |
|   3229 |    738 |
|   3230 |    232 |
|   3231 |   1024 |
|   3232 |    599 |
|   3233 |    628 |
|   3234 |    882 |
|   3235 |   1160 |
|   3236 |    113 |
|   3237 |    962 |
|   3238 |   1151 |
|   3239 |    311 |
|   3240 |    529 |
|   3241 |    307 |
|   3242 |    666 |
|   3243 |    201 |
|   3244 |    669 |
|   3245 |    962 |
|   3246 |    246 |
|   3247 |   1451 |
|   3248 |   1316 |
|   3249 |    832 |
|   3250 |    259 |
|   3251 |   1300 |
|   3252 |    547 |
|   3253 |   1103 |
|   3254 |   1481 |
|   3255 |    627 |
|   3256 |    971 |
|   3257 |   1259 |
|   3258 |    417 |
|   3259 |    796 |
|   3260 |    578 |
|   3261 |   1495 |
|   3262 |    618 |
|   3263 |    557 |
|   3264 |    158 |
|   3265 |   1428 |
|   3266 |     96 |
|   3267 |    784 |
|   3268 |    549 |
|   3269 |     90 |
|   3270 |    868 |
|   3271 |    481 |
|   3272 |    120 |
|   3273 |   1172 |
|   3274 |    857 |
|   3275 |    291 |
|   3276 |    733 |
|   3277 |   1264 |
|   3278 |    722 |
|   3279 |    643 |
|   3280 |   1183 |
|   3281 |    316 |
|   3282 |    162 |
|   3283 |   1490 |
|   3284 |    599 |
|   3285 |     69 |
|   3286 |    375 |
|   3287 |    557 |
|   3288 |    537 |
|   3289 |    136 |
|   3290 |    387 |
|   3291 |   1254 |
|   3292 |   1057 |
|   3293 |    333 |
|   3294 |    960 |
|   3295 |    749 |
|   3296 |   1396 |
|   3297 |   1362 |
|   3298 |    532 |
|   3299 |     51 |
|   3300 |    207 |
|   3301 |    630 |
|   3302 |    321 |
|   3303 |   1270 |
|   3304 |    680 |
|   3305 |    674 |
|   3306 |    632 |
|   3307 |   1158 |
|   3308 |   1341 |
|   3309 |    714 |
|   3310 |    934 |
|   3311 |    685 |
|   3312 |   1317 |
|   3313 |     95 |
|   3314 |   1382 |
|   3315 |    390 |
|   3316 |    425 |
|   3317 |    924 |
|   3318 |   1138 |
|   3319 |   1295 |
|   3320 |    637 |
|   3321 |   1410 |
|   3322 |    791 |
|   3323 |    155 |
|   3324 |    401 |
|   3325 |    161 |
|   3326 |    461 |
|   3327 |   1019 |
|   3328 |   1471 |
|   3329 |    585 |
|   3330 |    981 |
|   3331 |    631 |
|   3332 |   1073 |
|   3333 |    597 |
|   3334 |    782 |
|   3335 |   1385 |
|   3336 |   1341 |
|   3337 |    162 |
|   3338 |    479 |
|   3339 |    682 |
|   3340 |    876 |
|   3341 |    699 |
|   3342 |    601 |
|   3343 |    711 |
|   3344 |    927 |
|   3345 |    753 |
|   3346 |   1095 |
|   3347 |    844 |
|   3348 |    985 |
|   3349 |    157 |
|   3350 |    671 |
|   3351 |   1281 |
|   3352 |    918 |
|   3353 |   1341 |
|   3354 |   1064 |
|   3355 |    833 |
|   3356 |    993 |
|   3357 |   1477 |
|   3358 |    372 |
|   3359 |   1445 |
|   3360 |    445 |
|   3361 |    350 |
|   3362 |   1139 |
|   3363 |   1108 |
|   3364 |     80 |
|   3365 |    556 |
|   3366 |    256 |
|   3367 |    157 |
|   3368 |   1080 |
|   3369 |    847 |
|   3370 |    781 |
|   3371 |    957 |
|   3372 |   1185 |
|   3373 |    748 |
|   3374 |   1194 |
|   3375 |   1186 |
|   3376 |    546 |
|   3377 |    668 |
|   3378 |    510 |
|   3379 |   1455 |
|   3380 |    857 |
|   3381 |   1221 |
|   3382 |   1415 |
|   3383 |    116 |
|   3384 |    192 |
|   3385 |   1205 |
|   3386 |   1460 |
|   3387 |   1191 |
|   3388 |    568 |
|   3389 |   1324 |
|   3390 |    141 |
|   3391 |    649 |
|   3392 |    297 |
|   3393 |    207 |
|   3394 |   1316 |
|   3395 |    989 |
|   3396 |   1394 |
|   3397 |   1235 |
|   3398 |    524 |
|   3399 |    653 |
|   3400 |     66 |
|   3401 |     80 |
|   3402 |    152 |
|   3403 |    479 |
|   3404 |     54 |
|   3405 |   1237 |
|   3406 |   1163 |
|   3407 |    283 |
|   3408 |   1475 |
|   3409 |    561 |
|   3410 |   1326 |
|   3411 |   1072 |
|   3412 |   1074 |
|   3413 |    234 |
|   3414 |    868 |
|   3415 |    567 |
|   3416 |    589 |
|   3417 |    412 |
|   3418 |   1297 |
|   3419 |    779 |
|   3420 |    321 |
|   3421 |   1372 |
|   3422 |    143 |
|   3423 |    764 |
|   3424 |   1218 |
|   3425 |    646 |
|   3426 |   1203 |
|   3427 |    665 |
|   3428 |   1073 |
|   3429 |   1168 |
|   3430 |    221 |
|   3431 |    551 |
|   3432 |   1211 |
|   3433 |   1166 |
|   3434 |    297 |
|   3435 |   1384 |
|   3436 |   1086 |
|   3437 |    886 |
|   3438 |    916 |
|   3439 |    366 |
|   3440 |    650 |
|   3441 |    145 |
|   3442 |    911 |
|   3443 |    258 |
|   3444 |    650 |
|   3445 |    771 |
|   3446 |   1432 |
|   3447 |    499 |
|   3448 |    100 |
|   3449 |    554 |
|   3450 |   1205 |
|   3451 |    320 |
|   3452 |    399 |
|   3453 |    349 |
|   3454 |   1096 |
|   3455 |    821 |
|   3456 |    553 |
|   3457 |    605 |
|   3458 |   1005 |
|   3459 |    736 |
|   3460 |    556 |
|   3461 |    422 |
|   3462 |    676 |
|   3463 |    749 |
|   3464 |   1037 |
|   3465 |   1183 |
|   3466 |    996 |
|   3467 |   1277 |
|   3468 |     67 |
|   3469 |    193 |
|   3470 |    309 |
|   3471 |    691 |
|   3472 |    473 |
|   3473 |    535 |
|   3474 |   1198 |
|   3475 |    172 |
|   3476 |   1476 |
|   3477 |    352 |
|   3478 |   1172 |
|   3479 |    550 |
|   3480 |    421 |
|   3481 |   1342 |
|   3482 |    505 |
|   3483 |   1207 |
|   3484 |   1170 |
|   3485 |    521 |
|   3486 |   1476 |
|   3487 |    958 |
|   3488 |    622 |
|   3489 |   1311 |
|   3490 |    674 |
|   3491 |    833 |
|   3492 |   1283 |
|   3493 |    395 |
|   3494 |    229 |
|   3495 |    264 |
|   3496 |    612 |
|   3497 |   1373 |
|   3498 |    713 |
|   3499 |    996 |
|   3500 |    217 |
|   3501 |    911 |
|   3502 |   1035 |
|   3503 |    680 |
|   3504 |   1098 |
|   3505 |    656 |
|   3506 |    315 |
|   3507 |    886 |
|   3508 |    796 |
|   3509 |    660 |
|   3510 |   1081 |
|   3511 |    327 |
|   3512 |    768 |
|   3513 |   1248 |
|   3514 |   1449 |
|   3515 |     80 |
|   3516 |   1479 |
|   3517 |   1355 |
|   3518 |    525 |
|   3519 |   1284 |
|   3520 |    406 |
|   3521 |    473 |
|   3522 |   1027 |
|   3523 |     57 |
|   3524 |   1468 |
|   3525 |    553 |
|   3526 |    805 |
|   3527 |     91 |
|   3528 |    393 |
|   3529 |   1080 |
|   3530 |   1257 |
|   3531 |   1259 |
|   3532 |    245 |
|   3533 |    219 |
|   3534 |    821 |
|   3535 |    887 |
|   3536 |    278 |
|   3537 |    327 |
|   3538 |    951 |
|   3539 |   1042 |
|   3540 |    323 |
|   3541 |   1212 |
|   3542 |    969 |
|   3543 |   1130 |
|   3544 |    537 |
|   3545 |   1071 |
|   3546 |    521 |
|   3547 |     99 |
|   3548 |   1120 |
|   3549 |     68 |
|   3550 |    105 |
|   3551 |   1153 |
|   3552 |    634 |
|   3553 |    924 |
|   3554 |   1260 |
|   3555 |    858 |
|   3556 |    312 |
|   3557 |    393 |
|   3558 |   1259 |
|   3559 |   1030 |
|   3560 |    798 |
|   3561 |    349 |
|   3562 |    269 |
|   3563 |    284 |
|   3564 |    475 |
|   3565 |    391 |
|   3566 |   1045 |
|   3567 |    762 |
|   3568 |   1284 |
|   3569 |    855 |
|   3570 |   1304 |
|   3571 |   1294 |
|   3572 |    114 |
|   3573 |   1476 |
|   3574 |   1183 |
|   3575 |    943 |
|   3576 |    210 |
|   3577 |   1336 |
|   3578 |   1228 |
|   3579 |   1481 |
|   3580 |   1185 |
|   3581 |    185 |
|   3582 |   1437 |
|   3583 |     95 |
|   3584 |    226 |
|   3585 |   1068 |
|   3586 |    980 |
|   3587 |    705 |
|   3588 |     73 |
|   3589 |   1403 |
|   3590 |    771 |
|   3591 |    833 |
|   3592 |   1410 |
|   3593 |    331 |
|   3594 |   1365 |
|   3595 |    596 |
|   3596 |    496 |
|   3597 |   1050 |
|   3598 |     79 |
|   3599 |    934 |
|   3600 |    781 |
|   3601 |    843 |
|   3602 |    897 |
|   3603 |    249 |
|   3604 |    732 |
|   3605 |   1119 |
|   3606 |   1262 |
|   3607 |   1142 |
|   3608 |   1476 |
|   3609 |    995 |
|   3610 |    529 |
|   3611 |   1460 |
|   3612 |   1304 |
|   3613 |   1113 |
|   3614 |   1189 |
|   3615 |    706 |
|   3616 |    458 |
|   3617 |    592 |
|   3618 |    713 |
|   3619 |   1270 |
|   3620 |    806 |
|   3621 |    751 |
|   3622 |    264 |
|   3623 |    404 |
|   3624 |    164 |
|   3625 |    224 |
|   3626 |    156 |
|   3627 |    287 |
|   3628 |    960 |
|   3629 |    464 |
|   3630 |     74 |
|   3631 |   1254 |
|   3632 |    347 |
|   3633 |    152 |
|   3634 |    678 |
|   3635 |    939 |
|   3636 |   1344 |
|   3637 |    756 |
|   3638 |    246 |
|   3639 |    176 |
|   3640 |   1139 |
|   3641 |    989 |
|   3642 |   1187 |
|   3643 |    560 |
|   3644 |    362 |
|   3645 |    156 |
|   3646 |   1186 |
|   3647 |    362 |
|   3648 |   1274 |
|   3649 |   1118 |
|   3650 |   1494 |
|   3651 |    476 |
|   3652 |    762 |
|   3653 |    515 |
|   3654 |   1470 |
|   3655 |    553 |
|   3656 |   1496 |
|   3657 |   1137 |
|   3658 |   1469 |
|   3659 |    907 |
|   3660 |    444 |
|   3661 |    423 |
|   3662 |    514 |
|   3663 |    322 |
|   3664 |    602 |
|   3665 |    570 |
|   3666 |    100 |
|   3667 |   1468 |
|   3668 |    350 |
|   3669 |   1247 |
|   3670 |   1419 |
|   3671 |   1092 |
|   3672 |    301 |
|   3673 |    681 |
|   3674 |   1134 |
|   3675 |   1424 |
|   3676 |    123 |
|   3677 |   1294 |
|   3678 |    150 |
|   3679 |    964 |
|   3680 |   1238 |
|   3681 |    454 |
|   3682 |    443 |
|   3683 |   1137 |
|   3684 |    390 |
|   3685 |    945 |
|   3686 |   1300 |
|   3687 |   1167 |
|   3688 |    282 |
|   3689 |    270 |
|   3690 |   1181 |
|   3691 |   1246 |
|   3692 |     96 |
|   3693 |   1214 |
|   3694 |   1379 |
|   3695 |    700 |
|   3696 |    702 |
|   3697 |   1153 |
|   3698 |   1310 |
|   3699 |   1486 |
|   3700 |    662 |
|   3701 |    347 |
|   3702 |    765 |
|   3703 |    832 |
|   3704 |    685 |
|   3705 |    104 |
|   3706 |    121 |
|   3707 |    406 |
|   3708 |   1440 |
|   3709 |   1226 |
|   3710 |    382 |
|   3711 |    130 |
|   3712 |   1098 |
|   3713 |   1351 |
|   3714 |    406 |
|   3715 |   1323 |
|   3716 |    367 |
|   3717 |   1389 |
|   3718 |   1488 |
|   3719 |    717 |
|   3720 |   1227 |
|   3721 |    567 |
|   3722 |    517 |
|   3723 |     98 |
|   3724 |    402 |
|   3725 |    736 |
|   3726 |    420 |
|   3727 |    205 |
|   3728 |    402 |
|   3729 |   1456 |
|   3730 |    328 |
|   3731 |    637 |
|   3732 |    310 |
|   3733 |    939 |
|   3734 |    588 |
|   3735 |    818 |
|   3736 |    838 |
|   3737 |   1068 |
|   3738 |    675 |
|   3739 |    900 |
|   3740 |    586 |
|   3741 |    588 |
|   3742 |    452 |
|   3743 |    133 |
|   3744 |    112 |
|   3745 |    844 |
|   3746 |    800 |
|   3747 |    904 |
|   3748 |    929 |
|   3749 |    232 |
|   3750 |    649 |
|   3751 |   1240 |
|   3752 |   1191 |
|   3753 |   1211 |
|   3754 |    209 |
|   3755 |   1241 |
|   3756 |    457 |
|   3757 |   1022 |
|   3758 |    557 |
|   3759 |    754 |
|   3760 |    887 |
|   3761 |    686 |
|   3762 |   1049 |
|   3763 |    392 |
|   3764 |    715 |
|   3765 |    408 |
|   3766 |    416 |
|   3767 |    965 |
|   3768 |   1004 |
|   3769 |    919 |
|   3770 |    188 |
|   3771 |    776 |
|   3772 |    531 |
|   3773 |    351 |
|   3774 |    205 |
|   3775 |    266 |
|   3776 |     97 |
|   3777 |   1177 |
|   3778 |     80 |
|   3779 |    769 |
|   3780 |   1414 |
|   3781 |     86 |
|   3782 |    691 |
|   3783 |    749 |
|   3784 |   1499 |
|   3785 |    910 |
|   3786 |   1325 |
|   3787 |    668 |
|   3788 |   1078 |
|   3789 |   1480 |
|   3790 |   1001 |
|   3791 |   1362 |
|   3792 |    275 |
|   3793 |    188 |
|   3794 |   1245 |
|   3795 |   1004 |
|   3796 |   1499 |
|   3797 |     63 |
|   3798 |    306 |
|   3799 |   1168 |
|   3800 |   1338 |
|   3801 |   1118 |
|   3802 |   1344 |
|   3803 |   1185 |
|   3804 |   1188 |
|   3805 |     78 |
|   3806 |    258 |
|   3807 |    908 |
|   3808 |    545 |
|   3809 |   1456 |
|   3810 |    319 |
|   3811 |   1051 |
|   3812 |    223 |
|   3813 |    880 |
|   3814 |    883 |
|   3815 |   1325 |
|   3816 |    252 |
|   3817 |    843 |
|   3818 |    893 |
|   3819 |   1366 |
|   3820 |    810 |
|   3821 |   1493 |
|   3822 |    922 |
|   3823 |   1443 |
|   3824 |    104 |
|   3825 |    201 |
|   3826 |    700 |
|   3827 |   1446 |
|   3828 |   1440 |
|   3829 |   1189 |
|   3830 |    594 |
|   3831 |    477 |
|   3832 |   1271 |
|   3833 |   1044 |
|   3834 |    378 |
|   3835 |   1146 |
|   3836 |   1123 |
|   3837 |   1049 |
|   3838 |   1192 |
|   3839 |    104 |
|   3840 |    306 |
|   3841 |    118 |
|   3842 |    517 |
|   3843 |    276 |
|   3844 |    103 |
|   3845 |   1449 |
|   3846 |    655 |
|   3847 |    702 |
|   3848 |   1391 |
|   3849 |    912 |
|   3850 |    980 |
|   3851 |   1010 |
|   3852 |    674 |
|   3853 |   1366 |
|   3854 |   1468 |
|   3855 |   1145 |
|   3856 |    366 |
|   3857 |   1491 |
|   3858 |    349 |
|   3859 |    786 |
|   3860 |    105 |
|   3861 |   1224 |
|   3862 |    677 |
|   3863 |   1386 |
|   3864 |   1088 |
|   3865 |   1092 |
|   3866 |    363 |
|   3867 |   1250 |
|   3868 |    181 |
|   3869 |    356 |
|   3870 |   1376 |
|   3871 |   1100 |
|   3872 |    687 |
|   3873 |    497 |
|   3874 |   1035 |
|   3875 |   1303 |
|   3876 |   1447 |
|   3877 |    759 |
|   3878 |    751 |
|   3879 |    731 |
|   3880 |   1108 |
|   3881 |   1130 |
|   3882 |    451 |
|   3883 |    137 |
|   3884 |   1036 |
|   3885 |    667 |
|   3886 |    534 |
|   3887 |    442 |
|   3888 |    174 |
|   3889 |    464 |
|   3890 |    279 |
|   3891 |    236 |
|   3892 |    172 |
|   3893 |   1353 |
|   3894 |   1228 |
|   3895 |    602 |
|   3896 |   1453 |
|   3897 |    672 |
|   3898 |    850 |
|   3899 |    678 |
|   3900 |    106 |
|   3901 |   1122 |
|   3902 |    321 |
|   3903 |   1167 |
|   3904 |    855 |
|   3905 |    930 |
|   3906 |   1174 |
|   3907 |    765 |
|   3908 |    995 |
|   3909 |   1154 |
|   3910 |    125 |
|   3911 |    258 |
|   3912 |    146 |
|   3913 |    983 |
|   3914 |     90 |
|   3915 |    329 |
|   3916 |    774 |
|   3917 |   1230 |
|   3918 |    824 |
|   3919 |    961 |
|   3920 |    769 |
|   3921 |   1304 |
|   3922 |    884 |
|   3923 |    622 |
|   3924 |   1028 |
|   3925 |   1500 |
|   3926 |    768 |
|   3927 |    821 |
|   3928 |   1055 |
|   3929 |   1031 |
|   3930 |   1033 |
|   3931 |    311 |
|   3932 |   1404 |
|   3933 |    696 |
|   3934 |   1426 |
|   3935 |   1176 |
|   3936 |   1202 |
|   3937 |    327 |
|   3938 |    872 |
|   3939 |    396 |
|   3940 |   1491 |
|   3941 |    824 |
|   3942 |    787 |
|   3943 |   1368 |
|   3944 |    702 |
|   3945 |    606 |
|   3946 |   1334 |
|   3947 |    920 |
|   3948 |    387 |
|   3949 |     67 |
|   3950 |    315 |
|   3951 |   1290 |
|   3952 |   1356 |
|   3953 |    121 |
|   3954 |    395 |
|   3955 |    320 |
|   3956 |   1164 |
|   3957 |    175 |
|   3958 |    751 |
|   3959 |    259 |
|   3960 |   1122 |
|   3961 |   1343 |
|   3962 |    302 |
|   3963 |    826 |
|   3964 |    990 |
|   3965 |   1038 |
|   3966 |   1287 |
|   3967 |    573 |
|   3968 |   1045 |
|   3969 |    283 |
|   3970 |    460 |
|   3971 |    988 |
|   3972 |    557 |
|   3973 |    770 |
|   3974 |    480 |
|   3975 |    706 |
|   3976 |    115 |
|   3977 |    375 |
|   3978 |    129 |
|   3979 |   1367 |
|   3980 |    333 |
|   3981 |    152 |
|   3982 |    847 |
|   3983 |    530 |
|   3984 |    735 |
|   3985 |    691 |
|   3986 |   1133 |
|   3987 |   1449 |
|   3988 |    294 |
|   3989 |    532 |
|   3990 |   1017 |
|   3991 |    521 |
|   3992 |   1209 |
|   3993 |   1387 |
|   3994 |   1405 |
|   3995 |    431 |
|   3996 |   1239 |
|   3997 |    517 |
|   3998 |   1191 |
|   3999 |    800 |
|   4000 |   1129 |
|   4001 |    720 |
|   4002 |   1301 |
|   4003 |   1056 |
|   4004 |    195 |
|   4005 |    236 |
|   4006 |   1306 |
|   4007 |    453 |
|   4008 |    615 |
|   4009 |    460 |
|   4010 |   1319 |
|   4011 |   1164 |
|   4012 |    525 |
|   4013 |     99 |
|   4014 |    257 |
|   4015 |    194 |
|   4016 |   1445 |
|   4017 |    567 |
|   4018 |   1295 |
|   4019 |    697 |
|   4020 |    144 |
|   4021 |   1302 |
|   4022 |    806 |
|   4023 |   1497 |
|   4024 |    809 |
|   4025 |    773 |
|   4026 |   1061 |
|   4027 |    930 |
|   4028 |    800 |
|   4029 |   1354 |
|   4030 |    689 |
|   4031 |    833 |
|   4032 |   1084 |
|   4033 |    856 |
|   4034 |    642 |
|   4035 |    727 |
|   4036 |   1023 |
|   4037 |    152 |
|   4038 |    894 |
|   4039 |   1302 |
|   4040 |    249 |
|   4041 |   1433 |
|   4042 |   1117 |
|   4043 |    770 |
|   4044 |   1300 |
|   4045 |   1398 |
|   4046 |    379 |
|   4047 |   1111 |
|   4048 |   1169 |
|   4049 |   1368 |
|   4050 |    209 |
|   4051 |    376 |
|   4052 |   1314 |
|   4053 |     56 |
|   4054 |    195 |
|   4055 |    621 |
|   4056 |    649 |
|   4057 |    194 |
|   4058 |   1185 |
|   4059 |    628 |
|   4060 |   1339 |
|   4061 |    850 |
|   4062 |   1126 |
|   4063 |    387 |
|   4064 |    619 |
|   4065 |    582 |
|   4066 |   1440 |
|   4067 |    342 |
|   4068 |   1433 |
|   4069 |    517 |
|   4070 |    522 |
|   4071 |   1312 |
|   4072 |   1259 |
|   4073 |     58 |
|   4074 |     98 |
|   4075 |    945 |
|   4076 |   1461 |
|   4077 |    395 |
|   4078 |    480 |
|   4079 |    191 |
|   4080 |   1463 |
|   4081 |    137 |
|   4082 |    133 |
|   4083 |   1163 |
|   4084 |   1184 |
|   4085 |    631 |
|   4086 |    119 |
|   4087 |   1393 |
|   4088 |   1288 |
|   4089 |     60 |
|   4090 |    599 |
|   4091 |   1446 |
|   4092 |    645 |
|   4093 |   1144 |
|   4094 |    424 |
|   4095 |    932 |
|   4096 |   1098 |
|   4097 |   1107 |
|   4098 |    750 |
|   4099 |    941 |
|   4100 |    577 |
|   4101 |    770 |
|   4102 |     56 |
|   4103 |    735 |
|   4104 |   1355 |
|   4105 |   1333 |
|   4106 |   1091 |
|   4107 |    107 |
|   4108 |   1479 |
|   4109 |   1379 |
|   4110 |    790 |
|   4111 |   1418 |
|   4112 |    955 |
|   4113 |    340 |
|   4114 |   1369 |
|   4115 |    903 |
|   4116 |    962 |
|   4117 |    678 |
|   4118 |   1108 |
|   4119 |   1452 |
|   4120 |   1077 |
|   4121 |    874 |
|   4122 |    522 |
|   4123 |    571 |
|   4124 |   1149 |
|   4125 |   1140 |
|   4126 |   1225 |
|   4127 |    737 |
|   4128 |    676 |
|   4129 |   1002 |
|   4130 |     52 |
|   4131 |    155 |
|   4132 |    460 |
|   4133 |   1333 |
|   4134 |   1365 |
|   4135 |   1423 |
|   4136 |    320 |
|   4137 |    206 |
|   4138 |    286 |
|   4139 |    690 |
|   4140 |   1093 |
|   4141 |    598 |
|   4142 |   1464 |
|   4143 |     66 |
|   4144 |    849 |
|   4145 |    822 |
|   4146 |    365 |
|   4147 |    540 |
|   4148 |    670 |
|   4149 |   1327 |
|   4150 |    409 |
|   4151 |    917 |
|   4152 |     65 |
|   4153 |   1493 |
|   4154 |   1354 |
|   4155 |   1474 |
|   4156 |   1421 |
|   4157 |   1162 |
|   4158 |    556 |
|   4159 |   1433 |
|   4160 |    244 |
|   4161 |    150 |
|   4162 |    148 |
|   4163 |   1373 |
|   4164 |     86 |
|   4165 |   1106 |
|   4166 |   1355 |
|   4167 |    147 |
|   4168 |    458 |
|   4169 |     99 |
|   4170 |    324 |
|   4171 |    855 |
|   4172 |   1271 |
|   4173 |    268 |
|   4174 |   1105 |
|   4175 |    606 |
|   4176 |    439 |
|   4177 |   1006 |
|   4178 |    777 |
|   4179 |    680 |
|   4180 |    686 |
|   4181 |    647 |
|   4182 |    367 |
|   4183 |    456 |
|   4184 |    107 |
|   4185 |    376 |
|   4186 |    242 |
|   4187 |    515 |
|   4188 |   1304 |
|   4189 |   1379 |
|   4190 |    197 |
|   4191 |   1457 |
|   4192 |    101 |
|   4193 |   1210 |
|   4194 |    696 |
|   4195 |    174 |
|   4196 |   1033 |
|   4197 |   1081 |
|   4198 |   1025 |
|   4199 |    446 |
|   4200 |    652 |
|   4201 |    920 |
|   4202 |   1239 |
|   4203 |    336 |
|   4204 |    415 |
|   4205 |   1167 |
|   4206 |    196 |
|   4207 |    864 |
|   4208 |   1397 |
|   4209 |    210 |
|   4210 |    679 |
|   4211 |    748 |
|   4212 |   1353 |
|   4213 |    710 |
|   4214 |    611 |
|   4215 |    915 |
|   4216 |    696 |
|   4217 |    167 |
|   4218 |     78 |
|   4219 |    890 |
|   4220 |    483 |
|   4221 |    951 |
|   4222 |   1478 |
|   4223 |    569 |
|   4224 |    467 |
|   4225 |   1383 |
|   4226 |    608 |
|   4227 |     90 |
|   4228 |    824 |
|   4229 |     55 |
Numerul TOTAL de pagini este 3274087
O TREIME de pagini este reprezentata de 1091362
===Rezultatele in cazul unei metode greedy===
Angajatul 1 este responsabil de 1090868 pagini.
Angajatul 2 este responsabil de 1090599 pagini.
Angajatul 3 este responsabil de 1092620 pagini.
===Rezultatele in cazul unei metode de cautare exhaustive===
Angajatul 1 este responsabil de 1091696 pagini.
Angajatul 2 este responsabil de 1090984 pagini.
Angajatul 3 este responsabil de 1091407 pagini.
