Numărul de cărți este 3468

| Cartea | Pagini |
|--------|--------|
|      1 |    101 |
|      2 |   1284 |
|      3 |    743 |
|      4 |    115 |
|      5 |    552 |
|      6 |    402 |
|      7 |    518 |
|      8 |    980 |
|      9 |   1281 |
|     10 |    758 |
|     11 |   1252 |
|     12 |    659 |
|     13 |    368 |
|     14 |    682 |
|     15 |   1075 |
|     16 |    488 |
|     17 |    211 |
|     18 |    101 |
|     19 |    893 |
|     20 |    652 |
|     21 |    802 |
|     22 |    980 |
|     23 |   1132 |
|     24 |    167 |
|     25 |    655 |
|     26 |    405 |
|     27 |    556 |
|     28 |    587 |
|     29 |    839 |
|     30 |     68 |
|     31 |     78 |
|     32 |    474 |
|     33 |   1086 |
|     34 |   1003 |
|     35 |    891 |
|     36 |   1151 |
|     37 |    502 |
|     38 |    206 |
|     39 |   1271 |
|     40 |    826 |
|     41 |    435 |
|     42 |    742 |
|     43 |   1331 |
|     44 |    441 |
|     45 |    627 |
|     46 |    665 |
|     47 |    112 |
|     48 |   1182 |
|     49 |    458 |
|     50 |    862 |
|     51 |   1437 |
|     52 |   1341 |
|     53 |    694 |
|     54 |   1409 |
|     55 |     77 |
|     56 |    956 |
|     57 |    441 |
|     58 |    925 |
|     59 |    277 |
|     60 |    551 |
|     61 |    389 |
|     62 |   1252 |
|     63 |   1148 |
|     64 |    966 |
|     65 |   1350 |
|     66 |    626 |
|     67 |    974 |
|     68 |    593 |
|     69 |    632 |
|     70 |    465 |
|     71 |    531 |
|     72 |   1272 |
|     73 |    889 |
|     74 |    357 |
|     75 |    473 |
|     76 |    624 |
|     77 |   1223 |
|     78 |    720 |
|     79 |   1388 |
|     80 |    631 |
|     81 |    855 |
|     82 |    515 |
|     83 |    140 |
|     84 |    244 |
|     85 |    806 |
|     86 |    929 |
|     87 |   1087 |
|     88 |    398 |
|     89 |   1136 |
|     90 |   1005 |
|     91 |    161 |
|     92 |    640 |
|     93 |    565 |
|     94 |    391 |
|     95 |    294 |
|     96 |     53 |
|     97 |    288 |
|     98 |    904 |
|     99 |    523 |
|    100 |    206 |
|    101 |    274 |
|    102 |    687 |
|    103 |    125 |
|    104 |   1461 |
|    105 |   1290 |
|    106 |   1165 |
|    107 |   1468 |
|    108 |    313 |
|    109 |    921 |
|    110 |    633 |
|    111 |    195 |
|    112 |    486 |
|    113 |   1087 |
|    114 |    368 |
|    115 |    561 |
|    116 |   1286 |
|    117 |   1114 |
|    118 |   1386 |
|    119 |    402 |
|    120 |    152 |
|    121 |    963 |
|    122 |    627 |
|    123 |    617 |
|    124 |   1408 |
|    125 |     66 |
|    126 |    324 |
|    127 |    759 |
|    128 |   1187 |
|    129 |    721 |
|    130 |    849 |
|    131 |   1426 |
|    132 |    376 |
|    133 |     52 |
|    134 |    782 |
|    135 |    681 |
|    136 |   1295 |
|    137 |    867 |
|    138 |    143 |
|    139 |    920 |
|    140 |     83 |
|    141 |   1202 |
|    142 |    594 |
|    143 |    600 |
|    144 |    302 |
|    145 |   1414 |
|    146 |   1417 |
|    147 |     71 |
|    148 |   1314 |
|    149 |   1464 |
|    150 |    753 |
|    151 |    185 |
|    152 |   1210 |
|    153 |    152 |
|    154 |    889 |
|    155 |    140 |
|    156 |    603 |
|    157 |    306 |
|    158 |   1439 |
|    159 |    307 |
|    160 |   1455 |
|    161 |    352 |
|    162 |    589 |
|    163 |    811 |
|    164 |    107 |
|    165 |    456 |
|    166 |   1062 |
|    167 |    198 |
|    168 |   1433 |
|    169 |    849 |
|    170 |   1082 |
|    171 |    640 |
|    172 |    555 |
|    173 |    562 |
|    174 |   1190 |
|    175 |   1193 |
|    176 |    393 |
|    177 |   1254 |
|    178 |     69 |
|    179 |   1250 |
|    180 |     67 |
|    181 |    141 |
|    182 |    253 |
|    183 |   1396 |
|    184 |   1049 |
|    185 |    934 |
|    186 |   1147 |
|    187 |   1010 |
|    188 |    290 |
|    189 |   1140 |
|    190 |    250 |
|    191 |   1202 |
|    192 |    123 |
|    193 |    310 |
|    194 |   1364 |
|    195 |   1011 |
|    196 |   1301 |
|    197 |    418 |
|    198 |    812 |
|    199 |   1172 |
|    200 |    440 |
|    201 |    196 |
|    202 |    333 |
|    203 |    525 |
|    204 |    966 |
|    205 |    217 |
|    206 |    562 |
|    207 |    786 |
|    208 |    404 |
|    209 |    600 |
|    210 |    973 |
|    211 |    488 |
|    212 |    180 |
|    213 |    998 |
|    214 |     86 |
|    215 |    943 |
|    216 |    748 |
|    217 |    421 |
|    218 |    450 |
|    219 |    743 |
|    220 |   1157 |
|    221 |    865 |
|    222 |    798 |
|    223 |    231 |
|    224 |     64 |
|    225 |    880 |
|    226 |   1253 |
|    227 |   1023 |
|    228 |    201 |
|    229 |    160 |
|    230 |   1145 |
|    231 |    624 |
|    232 |    489 |
|    233 |   1295 |
|    234 |   1064 |
|    235 |   1409 |
|    236 |    601 |
|    237 |   1246 |
|    238 |    101 |
|    239 |   1262 |
|    240 |    738 |
|    241 |   1452 |
|    242 |   1337 |
|    243 |    812 |
|    244 |     57 |
|    245 |    628 |
|    246 |    852 |
|    247 |    233 |
|    248 |    722 |
|    249 |    579 |
|    250 |    383 |
|    251 |    637 |
|    252 |   1084 |
|    253 |    495 |
|    254 |    399 |
|    255 |    100 |
|    256 |    636 |
|    257 |     75 |
|    258 |    873 |
|    259 |    778 |
|    260 |    222 |
|    261 |   1198 |
|    262 |    724 |
|    263 |     70 |
|    264 |    235 |
|    265 |   1415 |
|    266 |    428 |
|    267 |    783 |
|    268 |    213 |
|    269 |    321 |
|    270 |    173 |
|    271 |    455 |
|    272 |   1130 |
|    273 |    687 |
|    274 |    911 |
|    275 |    481 |
|    276 |    996 |
|    277 |   1192 |
|    278 |    701 |
|    279 |    894 |
|    280 |    716 |
|    281 |   1102 |
|    282 |    794 |
|    283 |     78 |
|    284 |    848 |
|    285 |    910 |
|    286 |   1044 |
|    287 |    891 |
|    288 |    525 |
|    289 |    762 |
|    290 |    528 |
|    291 |   1141 |
|    292 |    546 |
|    293 |    636 |
|    294 |   1462 |
|    295 |   1250 |
|    296 |    514 |
|    297 |   1251 |
|    298 |    969 |
|    299 |   1351 |
|    300 |    599 |
|    301 |   1104 |
|    302 |    119 |
|    303 |    695 |
|    304 |    646 |
|    305 |   1461 |
|    306 |    557 |
|    307 |    118 |
|    308 |     67 |
|    309 |    441 |
|    310 |   1036 |
|    311 |    502 |
|    312 |   1233 |
|    313 |    838 |
|    314 |   1220 |
|    315 |    812 |
|    316 |   1266 |
|    317 |   1430 |
|    318 |    851 |
|    319 |     58 |
|    320 |    603 |
|    321 |    686 |
|    322 |    212 |
|    323 |   1064 |
|    324 |    402 |
|    325 |   1148 |
|    326 |   1399 |
|    327 |    428 |
|    328 |     71 |
|    329 |    654 |
|    330 |    642 |
|    331 |   1051 |
|    332 |   1178 |
|    333 |   1426 |
|    334 |   1108 |
|    335 |    258 |
|    336 |    535 |
|    337 |    385 |
|    338 |    823 |
|    339 |   1278 |
|    340 |     82 |
|    341 |    267 |
|    342 |    809 |
|    343 |   1130 |
|    344 |    683 |
|    345 |    638 |
|    346 |    888 |
|    347 |   1244 |
|    348 |    356 |
|    349 |   1245 |
|    350 |   1188 |
|    351 |    978 |
|    352 |   1071 |
|    353 |   1024 |
|    354 |   1031 |
|    355 |    432 |
|    356 |    488 |
|    357 |    997 |
|    358 |    401 |
|    359 |   1212 |
|    360 |   1254 |
|    361 |     52 |
|    362 |   1367 |
|    363 |    181 |
|    364 |   1410 |
|    365 |    407 |
|    366 |    433 |
|    367 |    494 |
|    368 |   1377 |
|    369 |    348 |
|    370 |    525 |
|    371 |    752 |
|    372 |   1047 |
|    373 |   1006 |
|    374 |    799 |
|    375 |    801 |
|    376 |   1083 |
|    377 |    509 |
|    378 |    134 |
|    379 |    716 |
|    380 |    450 |
|    381 |    832 |
|    382 |    974 |
|    383 |    124 |
|    384 |   1464 |
|    385 |    678 |
|    386 |    932 |
|    387 |     68 |
|    388 |    120 |
|    389 |   1162 |
|    390 |    159 |
|    391 |    311 |
|    392 |     50 |
|    393 |    453 |
|    394 |    477 |
|    395 |   1398 |
|    396 |    802 |
|    397 |   1310 |
|    398 |     65 |
|    399 |    128 |
|    400 |    235 |
|    401 |    543 |
|    402 |   1012 |
|    403 |    543 |
|    404 |    166 |
|    405 |   1433 |
|    406 |    758 |
|    407 |    609 |
|    408 |    931 |
|    409 |   1036 |
|    410 |    411 |
|    411 |    927 |
|    412 |   1077 |
|    413 |    537 |
|    414 |    954 |
|    415 |   1317 |
|    416 |    647 |
|    417 |    557 |
|    418 |    396 |
|    419 |    302 |
|    420 |     86 |
|    421 |   1066 |
|    422 |   1338 |
|    423 |    355 |
|    424 |    320 |
|    425 |    595 |
|    426 |    692 |
|    427 |   1173 |
|    428 |    331 |
|    429 |    137 |
|    430 |    947 |
|    431 |    954 |
|    432 |    629 |
|    433 |    743 |
|    434 |    476 |
|    435 |    736 |
|    436 |    384 |
|    437 |    190 |
|    438 |    843 |
|    439 |    445 |
|    440 |    909 |
|    441 |    532 |
|    442 |   1434 |
|    443 |    239 |
|    444 |    385 |
|    445 |    571 |
|    446 |    849 |
|    447 |     54 |
|    448 |   1094 |
|    449 |    721 |
|    450 |   1021 |
|    451 |    977 |
|    452 |   1215 |
|    453 |   1420 |
|    454 |    734 |
|    455 |   1347 |
|    456 |    987 |
|    457 |   1217 |
|    458 |    147 |
|    459 |   1182 |
|    460 |   1015 |
|    461 |   1310 |
|    462 |    152 |
|    463 |    716 |
|    464 |   1135 |
|    465 |   1299 |
|    466 |   1068 |
|    467 |    928 |
|    468 |    418 |
|    469 |     61 |
|    470 |    183 |
|    471 |    424 |
|    472 |   1028 |
|    473 |    740 |
|    474 |   1181 |
|    475 |    798 |
|    476 |    842 |
|    477 |   1015 |
|    478 |    780 |
|    479 |    599 |
|    480 |    335 |
|    481 |    386 |
|    482 |   1240 |
|    483 |   1443 |
|    484 |    110 |
|    485 |   1380 |
|    486 |   1238 |
|    487 |    664 |
|    488 |    306 |
|    489 |    789 |
|    490 |    939 |
|    491 |   1191 |
|    492 |   1071 |
|    493 |    564 |
|    494 |    850 |
|    495 |    229 |
|    496 |   1087 |
|    497 |    290 |
|    498 |    357 |
|    499 |    227 |
|    500 |    452 |
|    501 |    845 |
|    502 |   1160 |
|    503 |    883 |
|    504 |    635 |
|    505 |   1131 |
|    506 |    169 |
|    507 |   1410 |
|    508 |    685 |
|    509 |    386 |
|    510 |   1269 |
|    511 |    319 |
|    512 |    933 |
|    513 |    772 |
|    514 |    604 |
|    515 |    565 |
|    516 |    539 |
|    517 |   1391 |
|    518 |    445 |
|    519 |    178 |
|    520 |    137 |
|    521 |   1210 |
|    522 |    579 |
|    523 |    472 |
|    524 |    182 |
|    525 |    628 |
|    526 |    916 |
|    527 |    531 |
|    528 |    577 |
|    529 |    651 |
|    530 |   1296 |
|    531 |    100 |
|    532 |    716 |
|    533 |    784 |
|    534 |    857 |
|    535 |    956 |
|    536 |   1256 |
|    537 |    331 |
|    538 |   1453 |
|    539 |    393 |
|    540 |   1045 |
|    541 |   1346 |
|    542 |    389 |
|    543 |   1075 |
|    544 |    506 |
|    545 |    828 |
|    546 |   1196 |
|    547 |    987 |
|    548 |    619 |
|    549 |    341 |
|    550 |    625 |
|    551 |    561 |
|    552 |    248 |
|    553 |    683 |
|    554 |    541 |
|    555 |    661 |
|    556 |    928 |
|    557 |   1246 |
|    558 |   1471 |
|    559 |   1460 |
|    560 |    451 |
|    561 |    194 |
|    562 |    828 |
|    563 |     98 |
|    564 |     61 |
|    565 |    836 |
|    566 |   1031 |
|    567 |   1426 |
|    568 |    899 |
|    569 |    394 |
|    570 |    651 |
|    571 |   1271 |
|    572 |    250 |
|    573 |    722 |
|    574 |    890 |
|    575 |    677 |
|    576 |    281 |
|    577 |     79 |
|    578 |    518 |
|    579 |    594 |
|    580 |   1357 |
|    581 |   1256 |
|    582 |    174 |
|    583 |   1281 |
|    584 |   1164 |
|    585 |    838 |
|    586 |    563 |
|    587 |     51 |
|    588 |    233 |
|    589 |    603 |
|    590 |   1190 |
|    591 |    223 |
|    592 |    891 |
|    593 |    160 |
|    594 |   1285 |
|    595 |    709 |
|    596 |    230 |
|    597 |    400 |
|    598 |    990 |
|    599 |    449 |
|    600 |   1182 |
|    601 |   1104 |
|    602 |    195 |
|    603 |   1384 |
|    604 |    944 |
|    605 |    909 |
|    606 |    220 |
|    607 |   1433 |
|    608 |    817 |
|    609 |     58 |
|    610 |   1457 |
|    611 |   1051 |
|    612 |    958 |
|    613 |   1334 |
|    614 |    739 |
|    615 |    605 |
|    616 |   1317 |
|    617 |   1035 |
|    618 |     69 |
|    619 |    721 |
|    620 |    763 |
|    621 |   1027 |
|    622 |    573 |
|    623 |   1378 |
|    624 |   1406 |
|    625 |    945 |
|    626 |    411 |
|    627 |    506 |
|    628 |    162 |
|    629 |    167 |
|    630 |    445 |
|    631 |    677 |
|    632 |    201 |
|    633 |   1398 |
|    634 |    779 |
|    635 |    427 |
|    636 |    119 |
|    637 |   1317 |
|    638 |    505 |
|    639 |    173 |
|    640 |    579 |
|    641 |   1449 |
|    642 |    890 |
|    643 |    688 |
|    644 |    521 |
|    645 |    484 |
|    646 |     92 |
|    647 |   1297 |
|    648 |   1321 |
|    649 |   1215 |
|    650 |   1025 |
|    651 |   1412 |
|    652 |    958 |
|    653 |    436 |
|    654 |    521 |
|    655 |   1153 |
|    656 |    843 |
|    657 |    675 |
|    658 |   1340 |
|    659 |    421 |
|    660 |    264 |
|    661 |    693 |
|    662 |    931 |
|    663 |    710 |
|    664 |   1088 |
|    665 |    791 |
|    666 |   1361 |
|    667 |    457 |
|    668 |    509 |
|    669 |   1222 |
|    670 |   1421 |
|    671 |   1075 |
|    672 |    214 |
|    673 |   1241 |
|    674 |   1080 |
|    675 |    191 |
|    676 |   1187 |
|    677 |   1334 |
|    678 |    680 |
|    679 |    644 |
|    680 |   1123 |
|    681 |    469 |
|    682 |    806 |
|    683 |    372 |
|    684 |    723 |
|    685 |    890 |
|    686 |    910 |
|    687 |    275 |
|    688 |    226 |
|    689 |    902 |
|    690 |   1191 |
|    691 |    898 |
|    692 |    990 |
|    693 |    977 |
|    694 |    108 |
|    695 |    796 |
|    696 |    604 |
|    697 |    804 |
|    698 |    587 |
|    699 |    193 |
|    700 |    617 |
|    701 |   1192 |
|    702 |    195 |
|    703 |   1415 |
|    704 |   1126 |
|    705 |   1277 |
|    706 |   1131 |
|    707 |   1184 |
|    708 |   1295 |
|    709 |    679 |
|    710 |   1079 |
|    711 |    430 |
|    712 |   1425 |
|    713 |   1320 |
|    714 |    754 |
|    715 |   1062 |
|    716 |   1436 |
|    717 |   1466 |
|    718 |    593 |
|    719 |   1118 |
|    720 |   1338 |
|    721 |    908 |
|    722 |   1050 |
|    723 |    464 |
|    724 |   1411 |
|    725 |   1309 |
|    726 |    314 |
|    727 |   1407 |
|    728 |    542 |
|    729 |    686 |
|    730 |   1068 |
|    731 |    710 |
|    732 |    419 |
|    733 |    238 |
|    734 |    154 |
|    735 |    116 |
|    736 |   1203 |
|    737 |   1129 |
|    738 |   1258 |
|    739 |    525 |
|    740 |    652 |
|    741 |    879 |
|    742 |    262 |
|    743 |   1237 |
|    744 |    837 |
|    745 |   1169 |
|    746 |    472 |
|    747 |    753 |
|    748 |    243 |
|    749 |   1105 |
|    750 |    248 |
|    751 |    580 |
|    752 |   1020 |
|    753 |    554 |
|    754 |    265 |
|    755 |   1432 |
|    756 |    645 |
|    757 |    420 |
|    758 |   1436 |
|    759 |    385 |
|    760 |    606 |
|    761 |    264 |
|    762 |    826 |
|    763 |   1173 |
|    764 |   1358 |
|    765 |     85 |
|    766 |    753 |
|    767 |    599 |
|    768 |    513 |
|    769 |    948 |
|    770 |   1367 |
|    771 |    281 |
|    772 |    533 |
|    773 |   1310 |
|    774 |    456 |
|    775 |   1020 |
|    776 |    152 |
|    777 |    845 |
|    778 |    678 |
|    779 |    498 |
|    780 |   1459 |
|    781 |   1468 |
|    782 |    952 |
|    783 |     56 |
|    784 |   1144 |
|    785 |    282 |
|    786 |    720 |
|    787 |   1351 |
|    788 |    703 |
|    789 |   1182 |
|    790 |    913 |
|    791 |     72 |
|    792 |   1251 |
|    793 |   1370 |
|    794 |    423 |
|    795 |    253 |
|    796 |    646 |
|    797 |    900 |
|    798 |    420 |
|    799 |    807 |
|    800 |   1306 |
|    801 |   1462 |
|    802 |   1049 |
|    803 |    607 |
|    804 |    834 |
|    805 |   1217 |
|    806 |   1436 |
|    807 |    806 |
|    808 |    919 |
|    809 |    332 |
|    810 |    351 |
|    811 |    863 |
|    812 |    895 |
|    813 |   1230 |
|    814 |   1337 |
|    815 |   1162 |
|    816 |     64 |
|    817 |   1109 |
|    818 |   1141 |
|    819 |    130 |
|    820 |    789 |
|    821 |    635 |
|    822 |    858 |
|    823 |    180 |
|    824 |    845 |
|    825 |    715 |
|    826 |    107 |
|    827 |    409 |
|    828 |   1242 |
|    829 |   1292 |
|    830 |    834 |
|    831 |    332 |
|    832 |    890 |
|    833 |   1131 |
|    834 |   1011 |
|    835 |   1166 |
|    836 |     73 |
|    837 |   1134 |
|    838 |    530 |
|    839 |    420 |
|    840 |   1168 |
|    841 |    193 |
|    842 |   1010 |
|    843 |    500 |
|    844 |    105 |
|    845 |    358 |
|    846 |    432 |
|    847 |   1463 |
|    848 |   1164 |
|    849 |    359 |
|    850 |   1366 |
|    851 |   1461 |
|    852 |    155 |
|    853 |   1383 |
|    854 |    938 |
|    855 |    647 |
|    856 |   1359 |
|    857 |   1287 |
|    858 |   1241 |
|    859 |    758 |
|    860 |    446 |
|    861 |   1162 |
|    862 |   1228 |
|    863 |    412 |
|    864 |    180 |
|    865 |    417 |
|    866 |    222 |
|    867 |   1132 |
|    868 |   1082 |
|    869 |   1463 |
|    870 |   1166 |
|    871 |   1334 |
|    872 |   1114 |
|    873 |    144 |
|    874 |   1012 |
|    875 |    418 |
|    876 |    689 |
|    877 |    109 |
|    878 |    519 |
|    879 |    174 |
|    880 |   1465 |
|    881 |    208 |
|    882 |    919 |
|    883 |   1425 |
|    884 |    945 |
|    885 |    200 |
|    886 |   1216 |
|    887 |    207 |
|    888 |   1247 |
|    889 |    957 |
|    890 |    602 |
|    891 |   1354 |
|    892 |   1307 |
|    893 |    275 |
|    894 |   1233 |
|    895 |   1084 |
|    896 |    847 |
|    897 |    361 |
|    898 |    188 |
|    899 |    614 |
|    900 |   1042 |
|    901 |   1044 |
|    902 |   1472 |
|    903 |    970 |
|    904 |    302 |
|    905 |    480 |
|    906 |   1253 |
|    907 |   1138 |
|    908 |   1440 |
|    909 |    185 |
|    910 |   1429 |
|    911 |   1002 |
|    912 |    167 |
|    913 |    563 |
|    914 |    440 |
|    915 |   1309 |
|    916 |   1074 |
|    917 |    847 |
|    918 |    736 |
|    919 |    666 |
|    920 |   1146 |
|    921 |   1020 |
|    922 |    354 |
|    923 |    336 |
|    924 |   1214 |
|    925 |   1115 |
|    926 |    881 |
|    927 |   1183 |
|    928 |   1045 |
|    929 |   1158 |
|    930 |    681 |
|    931 |    656 |
|    932 |   1453 |
|    933 |   1439 |
|    934 |   1402 |
|    935 |   1245 |
|    936 |    459 |
|    937 |    650 |
|    938 |    890 |
|    939 |   1266 |
|    940 |   1198 |
|    941 |    150 |
|    942 |    546 |
|    943 |    758 |
|    944 |     75 |
|    945 |    482 |
|    946 |    256 |
|    947 |    488 |
|    948 |   1350 |
|    949 |   1256 |
|    950 |    365 |
|    951 |   1203 |
|    952 |   1023 |
|    953 |    504 |
|    954 |    924 |
|    955 |   1051 |
|    956 |    453 |
|    957 |    331 |
|    958 |    604 |
|    959 |   1190 |
|    960 |   1110 |
|    961 |    733 |
|    962 |   1161 |
|    963 |    386 |
|    964 |   1007 |
|    965 |   1221 |
|    966 |   1312 |
|    967 |   1450 |
|    968 |   1218 |
|    969 |    684 |
|    970 |    195 |
|    971 |    344 |
|    972 |    270 |
|    973 |    863 |
|    974 |   1352 |
|    975 |    747 |
|    976 |    480 |
|    977 |   1029 |
|    978 |    384 |
|    979 |    697 |
|    980 |   1202 |
|    981 |    646 |
|    982 |   1369 |
|    983 |   1221 |
|    984 |    181 |
|    985 |    438 |
|    986 |   1003 |
|    987 |    659 |
|    988 |    781 |
|    989 |    139 |
|    990 |   1238 |
|    991 |    384 |
|    992 |    709 |
|    993 |    437 |
|    994 |    773 |
|    995 |   1294 |
|    996 |   1292 |
|    997 |    258 |
|    998 |    533 |
|    999 |   1098 |
|   1000 |    123 |
|   1001 |   1188 |
|   1002 |    554 |
|   1003 |    272 |
|   1004 |    432 |
|   1005 |    198 |
|   1006 |    608 |
|   1007 |   1071 |
|   1008 |   1428 |
|   1009 |    998 |
|   1010 |    526 |
|   1011 |    329 |
|   1012 |    103 |
|   1013 |    955 |
|   1014 |   1144 |
|   1015 |    343 |
|   1016 |     99 |
|   1017 |   1006 |
|   1018 |    396 |
|   1019 |    103 |
|   1020 |   1145 |
|   1021 |   1196 |
|   1022 |   1166 |
|   1023 |   1118 |
|   1024 |    268 |
|   1025 |    779 |
|   1026 |   1204 |
|   1027 |    106 |
|   1028 |   1093 |
|   1029 |   1133 |
|   1030 |    222 |
|   1031 |   1349 |
|   1032 |   1170 |
|   1033 |    497 |
|   1034 |    189 |
|   1035 |   1038 |
|   1036 |    658 |
|   1037 |    169 |
|   1038 |   1172 |
|   1039 |    631 |
|   1040 |    872 |
|   1041 |   1183 |
|   1042 |     76 |
|   1043 |    139 |
|   1044 |    420 |
|   1045 |   1138 |
|   1046 |    334 |
|   1047 |   1268 |
|   1048 |    169 |
|   1049 |    122 |
|   1050 |   1444 |
|   1051 |   1262 |
|   1052 |    541 |
|   1053 |   1176 |
|   1054 |    600 |
|   1055 |    266 |
|   1056 |    967 |
|   1057 |   1419 |
|   1058 |    978 |
|   1059 |    180 |
|   1060 |    660 |
|   1061 |    595 |
|   1062 |    511 |
|   1063 |    739 |
|   1064 |    567 |
|   1065 |    378 |
|   1066 |   1287 |
|   1067 |    712 |
|   1068 |   1388 |
|   1069 |   1234 |
|   1070 |    607 |
|   1071 |   1403 |
|   1072 |    373 |
|   1073 |    111 |
|   1074 |    962 |
|   1075 |    393 |
|   1076 |    291 |
|   1077 |   1438 |
|   1078 |   1410 |
|   1079 |   1215 |
|   1080 |    537 |
|   1081 |    551 |
|   1082 |    479 |
|   1083 |   1251 |
|   1084 |    857 |
|   1085 |    469 |
|   1086 |    150 |
|   1087 |    627 |
|   1088 |    472 |
|   1089 |   1172 |
|   1090 |   1156 |
|   1091 |    111 |
|   1092 |    290 |
|   1093 |    961 |
|   1094 |    508 |
|   1095 |    872 |
|   1096 |    974 |
|   1097 |    323 |
|   1098 |   1449 |
|   1099 |   1151 |
|   1100 |    260 |
|   1101 |    867 |
|   1102 |   1149 |
|   1103 |   1306 |
|   1104 |    822 |
|   1105 |   1160 |
|   1106 |    531 |
|   1107 |    864 |
|   1108 |    746 |
|   1109 |    544 |
|   1110 |    117 |
|   1111 |    477 |
|   1112 |    681 |
|   1113 |   1366 |
|   1114 |    644 |
|   1115 |    969 |
|   1116 |   1177 |
|   1117 |    756 |
|   1118 |    829 |
|   1119 |    944 |
|   1120 |     52 |
|   1121 |    856 |
|   1122 |   1065 |
|   1123 |    854 |
|   1124 |    325 |
|   1125 |    137 |
|   1126 |   1148 |
|   1127 |    727 |
|   1128 |    111 |
|   1129 |    405 |
|   1130 |    811 |
|   1131 |    873 |
|   1132 |    652 |
|   1133 |    681 |
|   1134 |   1160 |
|   1135 |   1334 |
|   1136 |   1020 |
|   1137 |   1164 |
|   1138 |     88 |
|   1139 |    838 |
|   1140 |   1437 |
|   1141 |   1283 |
|   1142 |   1153 |
|   1143 |    994 |
|   1144 |    836 |
|   1145 |    790 |
|   1146 |    496 |
|   1147 |    825 |
|   1148 |    628 |
|   1149 |    734 |
|   1150 |   1199 |
|   1151 |    187 |
|   1152 |    311 |
|   1153 |    443 |
|   1154 |   1143 |
|   1155 |   1450 |
|   1156 |   1151 |
|   1157 |    173 |
|   1158 |    915 |
|   1159 |    932 |
|   1160 |    731 |
|   1161 |   1276 |
|   1162 |    626 |
|   1163 |    755 |
|   1164 |    291 |
|   1165 |    732 |
|   1166 |    828 |
|   1167 |   1280 |
|   1168 |    522 |
|   1169 |    384 |
|   1170 |    629 |
|   1171 |    535 |
|   1172 |    635 |
|   1173 |    649 |
|   1174 |   1065 |
|   1175 |    654 |
|   1176 |    571 |
|   1177 |    477 |
|   1178 |   1132 |
|   1179 |    739 |
|   1180 |   1233 |
|   1181 |    394 |
|   1182 |    224 |
|   1183 |    394 |
|   1184 |   1183 |
|   1185 |    486 |
|   1186 |     91 |
|   1187 |    449 |
|   1188 |    348 |
|   1189 |    134 |
|   1190 |    121 |
|   1191 |    911 |
|   1192 |    642 |
|   1193 |   1317 |
|   1194 |    409 |
|   1195 |   1182 |
|   1196 |   1221 |
|   1197 |    944 |
|   1198 |    743 |
|   1199 |   1158 |
|   1200 |   1067 |
|   1201 |   1087 |
|   1202 |   1412 |
|   1203 |   1111 |
|   1204 |    929 |
|   1205 |   1204 |
|   1206 |   1077 |
|   1207 |    418 |
|   1208 |    209 |
|   1209 |   1235 |
|   1210 |    485 |
|   1211 |    141 |
|   1212 |    784 |
|   1213 |   1015 |
|   1214 |    118 |
|   1215 |    980 |
|   1216 |    511 |
|   1217 |    690 |
|   1218 |    576 |
|   1219 |    186 |
|   1220 |   1240 |
|   1221 |    376 |
|   1222 |    900 |
|   1223 |    310 |
|   1224 |   1258 |
|   1225 |    912 |
|   1226 |    786 |
|   1227 |    629 |
|   1228 |   1256 |
|   1229 |   1104 |
|   1230 |    469 |
|   1231 |   1204 |
|   1232 |    876 |
|   1233 |    417 |
|   1234 |   1384 |
|   1235 |    381 |
|   1236 |    679 |
|   1237 |   1100 |
|   1238 |   1389 |
|   1239 |   1468 |
|   1240 |    833 |
|   1241 |    175 |
|   1242 |    451 |
|   1243 |    821 |
|   1244 |   1391 |
|   1245 |    895 |
|   1246 |    646 |
|   1247 |    156 |
|   1248 |   1169 |
|   1249 |   1338 |
|   1250 |    675 |
|   1251 |   1081 |
|   1252 |     73 |
|   1253 |   1122 |
|   1254 |     92 |
|   1255 |    424 |
|   1256 |    479 |
|   1257 |   1023 |
|   1258 |    650 |
|   1259 |   1352 |
|   1260 |   1104 |
|   1261 |    868 |
|   1262 |   1396 |
|   1263 |    453 |
|   1264 |    352 |
|   1265 |    373 |
|   1266 |    607 |
|   1267 |   1371 |
|   1268 |   1140 |
|   1269 |   1205 |
|   1270 |   1175 |
|   1271 |    936 |
|   1272 |   1431 |
|   1273 |    686 |
|   1274 |   1193 |
|   1275 |   1228 |
|   1276 |    937 |
|   1277 |   1048 |
|   1278 |    551 |
|   1279 |    629 |
|   1280 |   1087 |
|   1281 |    444 |
|   1282 |   1005 |
|   1283 |    217 |
|   1284 |    260 |
|   1285 |   1037 |
|   1286 |    634 |
|   1287 |   1344 |
|   1288 |   1233 |
|   1289 |    345 |
|   1290 |   1429 |
|   1291 |    845 |
|   1292 |     95 |
|   1293 |   1183 |
|   1294 |   1042 |
|   1295 |   1012 |
|   1296 |    652 |
|   1297 |    682 |
|   1298 |    252 |
|   1299 |    916 |
|   1300 |    760 |
|   1301 |    830 |
|   1302 |   1437 |
|   1303 |    449 |
|   1304 |    324 |
|   1305 |   1040 |
|   1306 |   1132 |
|   1307 |    748 |
|   1308 |    195 |
|   1309 |    927 |
|   1310 |    397 |
|   1311 |   1055 |
|   1312 |    379 |
|   1313 |    876 |
|   1314 |    448 |
|   1315 |   1307 |
|   1316 |    984 |
|   1317 |     77 |
|   1318 |    165 |
|   1319 |    537 |
|   1320 |     83 |
|   1321 |    997 |
|   1322 |   1392 |
|   1323 |    384 |
|   1324 |    451 |
|   1325 |   1437 |
|   1326 |    173 |
|   1327 |    936 |
|   1328 |    845 |
|   1329 |    227 |
|   1330 |   1181 |
|   1331 |   1064 |
|   1332 |    882 |
|   1333 |    576 |
|   1334 |    726 |
|   1335 |    436 |
|   1336 |    864 |
|   1337 |     83 |
|   1338 |   1232 |
|   1339 |   1127 |
|   1340 |   1412 |
|   1341 |   1280 |
|   1342 |   1153 |
|   1343 |    314 |
|   1344 |   1340 |
|   1345 |    378 |
|   1346 |    420 |
|   1347 |    454 |
|   1348 |     50 |
|   1349 |    913 |
|   1350 |    998 |
|   1351 |   1390 |
|   1352 |   1471 |
|   1353 |   1405 |
|   1354 |   1345 |
|   1355 |    759 |
|   1356 |    163 |
|   1357 |    884 |
|   1358 |   1382 |
|   1359 |   1353 |
|   1360 |    754 |
|   1361 |   1316 |
|   1362 |   1096 |
|   1363 |    519 |
|   1364 |   1469 |
|   1365 |    911 |
|   1366 |    844 |
|   1367 |    118 |
|   1368 |   1462 |
|   1369 |     92 |
|   1370 |    717 |
|   1371 |    770 |
|   1372 |   1178 |
|   1373 |   1294 |
|   1374 |   1336 |
|   1375 |    357 |
|   1376 |   1322 |
|   1377 |    126 |
|   1378 |    604 |
|   1379 |    395 |
|   1380 |   1003 |
|   1381 |    385 |
|   1382 |    150 |
|   1383 |    387 |
|   1384 |    624 |
|   1385 |    572 |
|   1386 |    358 |
|   1387 |    841 |
|   1388 |    119 |
|   1389 |     70 |
|   1390 |    538 |
|   1391 |    763 |
|   1392 |    960 |
|   1393 |   1141 |
|   1394 |    234 |
|   1395 |    348 |
|   1396 |   1104 |
|   1397 |    744 |
|   1398 |   1145 |
|   1399 |    367 |
|   1400 |   1284 |
|   1401 |   1074 |
|   1402 |   1350 |
|   1403 |    443 |
|   1404 |    400 |
|   1405 |   1447 |
|   1406 |   1292 |
|   1407 |    507 |
|   1408 |   1284 |
|   1409 |    449 |
|   1410 |    369 |
|   1411 |    524 |
|   1412 |    312 |
|   1413 |    897 |
|   1414 |    737 |
|   1415 |   1361 |
|   1416 |    650 |
|   1417 |    932 |
|   1418 |   1461 |
|   1419 |    441 |
|   1420 |   1250 |
|   1421 |    833 |
|   1422 |   1035 |
|   1423 |    739 |
|   1424 |   1374 |
|   1425 |    318 |
|   1426 |   1371 |
|   1427 |   1127 |
|   1428 |   1263 |
|   1429 |    277 |
|   1430 |   1383 |
|   1431 |    854 |
|   1432 |    253 |
|   1433 |    764 |
|   1434 |    309 |
|   1435 |    422 |
|   1436 |   1457 |
|   1437 |    662 |
|   1438 |    341 |
|   1439 |    312 |
|   1440 |     92 |
|   1441 |    828 |
|   1442 |    200 |
|   1443 |   1174 |
|   1444 |    188 |
|   1445 |    446 |
|   1446 |    576 |
|   1447 |   1244 |
|   1448 |   1138 |
|   1449 |   1222 |
|   1450 |    253 |
|   1451 |    300 |
|   1452 |    257 |
|   1453 |    600 |
|   1454 |    968 |
|   1455 |    226 |
|   1456 |   1243 |
|   1457 |   1470 |
|   1458 |   1273 |
|   1459 |     94 |
|   1460 |    618 |
|   1461 |   1000 |
|   1462 |    288 |
|   1463 |   1469 |
|   1464 |    476 |
|   1465 |    324 |
|   1466 |    159 |
|   1467 |    492 |
|   1468 |   1074 |
|   1469 |    573 |
|   1470 |   1051 |
|   1471 |    965 |
|   1472 |    220 |
|   1473 |   1327 |
|   1474 |    266 |
|   1475 |    761 |
|   1476 |   1461 |
|   1477 |   1170 |
|   1478 |    734 |
|   1479 |   1462 |
|   1480 |   1010 |
|   1481 |    756 |
|   1482 |    567 |
|   1483 |    672 |
|   1484 |   1011 |
|   1485 |    942 |
|   1486 |    259 |
|   1487 |   1243 |
|   1488 |    567 |
|   1489 |    674 |
|   1490 |    668 |
|   1491 |   1120 |
|   1492 |    734 |
|   1493 |   1424 |
|   1494 |   1264 |
|   1495 |    902 |
|   1496 |    541 |
|   1497 |     73 |
|   1498 |    303 |
|   1499 |   1374 |
|   1500 |    292 |
|   1501 |   1260 |
|   1502 |    695 |
|   1503 |   1035 |
|   1504 |    622 |
|   1505 |   1160 |
|   1506 |    429 |
|   1507 |     63 |
|   1508 |    734 |
|   1509 |    798 |
|   1510 |   1255 |
|   1511 |    817 |
|   1512 |   1371 |
|   1513 |    855 |
|   1514 |    225 |
|   1515 |   1322 |
|   1516 |    301 |
|   1517 |    446 |
|   1518 |    655 |
|   1519 |    330 |
|   1520 |    106 |
|   1521 |    283 |
|   1522 |   1397 |
|   1523 |    462 |
|   1524 |    373 |
|   1525 |   1347 |
|   1526 |    995 |
|   1527 |    915 |
|   1528 |   1217 |
|   1529 |    907 |
|   1530 |   1258 |
|   1531 |    452 |
|   1532 |    198 |
|   1533 |   1242 |
|   1534 |   1220 |
|   1535 |    734 |
|   1536 |   1012 |
|   1537 |    122 |
|   1538 |    236 |
|   1539 |    791 |
|   1540 |    350 |
|   1541 |   1201 |
|   1542 |   1158 |
|   1543 |   1183 |
|   1544 |   1230 |
|   1545 |    567 |
|   1546 |   1013 |
|   1547 |     98 |
|   1548 |    661 |
|   1549 |    415 |
|   1550 |   1452 |
|   1551 |   1375 |
|   1552 |   1374 |
|   1553 |    383 |
|   1554 |    715 |
|   1555 |   1011 |
|   1556 |   1188 |
|   1557 |    437 |
|   1558 |    836 |
|   1559 |    643 |
|   1560 |   1182 |
|   1561 |   1452 |
|   1562 |    378 |
|   1563 |    315 |
|   1564 |    500 |
|   1565 |    331 |
|   1566 |    700 |
|   1567 |    502 |
|   1568 |    433 |
|   1569 |   1435 |
|   1570 |    349 |
|   1571 |   1318 |
|   1572 |   1274 |
|   1573 |   1265 |
|   1574 |   1288 |
|   1575 |    380 |
|   1576 |    357 |
|   1577 |    944 |
|   1578 |    131 |
|   1579 |     59 |
|   1580 |    396 |
|   1581 |    592 |
|   1582 |    924 |
|   1583 |   1366 |
|   1584 |    946 |
|   1585 |    210 |
|   1586 |   1264 |
|   1587 |    897 |
|   1588 |    604 |
|   1589 |   1075 |
|   1590 |   1121 |
|   1591 |    869 |
|   1592 |   1294 |
|   1593 |    912 |
|   1594 |    407 |
|   1595 |    216 |
|   1596 |    948 |
|   1597 |   1054 |
|   1598 |    458 |
|   1599 |    997 |
|   1600 |    111 |
|   1601 |    353 |
|   1602 |   1116 |
|   1603 |    951 |
|   1604 |    242 |
|   1605 |   1169 |
|   1606 |   1466 |
|   1607 |    727 |
|   1608 |    700 |
|   1609 |    768 |
|   1610 |    165 |
|   1611 |    925 |
|   1612 |    705 |
|   1613 |    588 |
|   1614 |    597 |
|   1615 |    360 |
|   1616 |    426 |
|   1617 |   1006 |
|   1618 |   1102 |
|   1619 |    604 |
|   1620 |    366 |
|   1621 |   1237 |
|   1622 |   1159 |
|   1623 |   1171 |
|   1624 |    319 |
|   1625 |    495 |
|   1626 |    926 |
|   1627 |    340 |
|   1628 |   1338 |
|   1629 |    104 |
|   1630 |    793 |
|   1631 |    253 |
|   1632 |    606 |
|   1633 |   1256 |
|   1634 |   1152 |
|   1635 |   1356 |
|   1636 |   1157 |
|   1637 |    959 |
|   1638 |    489 |
|   1639 |    491 |
|   1640 |    693 |
|   1641 |    824 |
|   1642 |    541 |
|   1643 |    500 |
|   1644 |   1404 |
|   1645 |   1306 |
|   1646 |    968 |
|   1647 |     64 |
|   1648 |    751 |
|   1649 |    317 |
|   1650 |    823 |
|   1651 |    133 |
|   1652 |    837 |
|   1653 |    187 |
|   1654 |    659 |
|   1655 |   1354 |
|   1656 |    631 |
|   1657 |    564 |
|   1658 |   1205 |
|   1659 |    386 |
|   1660 |     86 |
|   1661 |   1168 |
|   1662 |    980 |
|   1663 |    799 |
|   1664 |    383 |
|   1665 |    555 |
|   1666 |    183 |
|   1667 |    863 |
|   1668 |    841 |
|   1669 |    545 |
|   1670 |    404 |
|   1671 |   1010 |
|   1672 |    948 |
|   1673 |   1051 |
|   1674 |    374 |
|   1675 |    374 |
|   1676 |    933 |
|   1677 |    664 |
|   1678 |     89 |
|   1679 |    983 |
|   1680 |    764 |
|   1681 |    542 |
|   1682 |    709 |
|   1683 |    414 |
|   1684 |   1000 |
|   1685 |   1333 |
|   1686 |   1155 |
|   1687 |   1442 |
|   1688 |   1084 |
|   1689 |    634 |
|   1690 |    202 |
|   1691 |    985 |
|   1692 |   1352 |
|   1693 |    671 |
|   1694 |    697 |
|   1695 |   1114 |
|   1696 |     88 |
|   1697 |    937 |
|   1698 |    472 |
|   1699 |    159 |
|   1700 |    438 |
|   1701 |   1130 |
|   1702 |    809 |
|   1703 |    997 |
|   1704 |   1413 |
|   1705 |    543 |
|   1706 |   1314 |
|   1707 |    220 |
|   1708 |    623 |
|   1709 |    722 |
|   1710 |    687 |
|   1711 |    992 |
|   1712 |     67 |
|   1713 |    385 |
|   1714 |    732 |
|   1715 |    465 |
|   1716 |   1308 |
|   1717 |    823 |
|   1718 |    311 |
|   1719 |    260 |
|   1720 |   1290 |
|   1721 |    800 |
|   1722 |    839 |
|   1723 |    855 |
|   1724 |    789 |
|   1725 |    608 |
|   1726 |   1444 |
|   1727 |   1322 |
|   1728 |   1126 |
|   1729 |   1397 |
|   1730 |   1123 |
|   1731 |    866 |
|   1732 |   1135 |
|   1733 |    933 |
|   1734 |    278 |
|   1735 |    810 |
|   1736 |   1365 |
|   1737 |    395 |
|   1738 |    429 |
|   1739 |    650 |
|   1740 |    425 |
|   1741 |    556 |
|   1742 |    189 |
|   1743 |   1042 |
|   1744 |    443 |
|   1745 |    553 |
|   1746 |    550 |
|   1747 |    241 |
|   1748 |    833 |
|   1749 |    371 |
|   1750 |    461 |
|   1751 |   1126 |
|   1752 |    195 |
|   1753 |    312 |
|   1754 |   1449 |
|   1755 |   1074 |
|   1756 |   1222 |
|   1757 |   1411 |
|   1758 |    850 |
|   1759 |    349 |
|   1760 |   1385 |
|   1761 |     81 |
|   1762 |    926 |
|   1763 |   1268 |
|   1764 |   1315 |
|   1765 |    890 |
|   1766 |    636 |
|   1767 |   1033 |
|   1768 |    839 |
|   1769 |    859 |
|   1770 |    171 |
|   1771 |    358 |
|   1772 |    336 |
|   1773 |    534 |
|   1774 |    698 |
|   1775 |    880 |
|   1776 |    156 |
|   1777 |    907 |
|   1778 |    938 |
|   1779 |    629 |
|   1780 |    116 |
|   1781 |    135 |
|   1782 |     69 |
|   1783 |    460 |
|   1784 |    348 |
|   1785 |    422 |
|   1786 |     57 |
|   1787 |    802 |
|   1788 |   1245 |
|   1789 |    533 |
|   1790 |   1217 |
|   1791 |    189 |
|   1792 |    932 |
|   1793 |   1414 |
|   1794 |   1212 |
|   1795 |    584 |
|   1796 |    828 |
|   1797 |    377 |
|   1798 |   1258 |
|   1799 |   1043 |
|   1800 |    628 |
|   1801 |   1340 |
|   1802 |   1257 |
|   1803 |    400 |
|   1804 |    396 |
|   1805 |    891 |
|   1806 |    443 |
|   1807 |    474 |
|   1808 |   1079 |
|   1809 |    463 |
|   1810 |    930 |
|   1811 |    602 |
|   1812 |   1169 |
|   1813 |    137 |
|   1814 |    848 |
|   1815 |    603 |
|   1816 |    783 |
|   1817 |    112 |
|   1818 |     72 |
|   1819 |    140 |
|   1820 |    919 |
|   1821 |    991 |
|   1822 |    976 |
|   1823 |    210 |
|   1824 |    594 |
|   1825 |    426 |
|   1826 |    147 |
|   1827 |    391 |
|   1828 |    996 |
|   1829 |     64 |
|   1830 |    496 |
|   1831 |    445 |
|   1832 |    856 |
|   1833 |    397 |
|   1834 |   1243 |
|   1835 |   1339 |
|   1836 |    692 |
|   1837 |    301 |
|   1838 |    902 |
|   1839 |   1444 |
|   1840 |    142 |
|   1841 |    238 |
|   1842 |    677 |
|   1843 |     70 |
|   1844 |    347 |
|   1845 |    265 |
|   1846 |    638 |
|   1847 |   1268 |
|   1848 |   1290 |
|   1849 |    367 |
|   1850 |    320 |
|   1851 |    119 |
|   1852 |    354 |
|   1853 |   1394 |
|   1854 |    381 |
|   1855 |   1429 |
|   1856 |    526 |
|   1857 |   1275 |
|   1858 |   1287 |
|   1859 |    353 |
|   1860 |    334 |
|   1861 |    483 |
|   1862 |   1377 |
|   1863 |    487 |
|   1864 |    978 |
|   1865 |   1440 |
|   1866 |    223 |
|   1867 |    404 |
|   1868 |   1351 |
|   1869 |    157 |
|   1870 |   1108 |
|   1871 |   1353 |
|   1872 |    729 |
|   1873 |    407 |
|   1874 |   1439 |
|   1875 |   1299 |
|   1876 |   1176 |
|   1877 |    275 |
|   1878 |    528 |
|   1879 |    966 |
|   1880 |    992 |
|   1881 |   1327 |
|   1882 |    738 |
|   1883 |   1282 |
|   1884 |   1125 |
|   1885 |    216 |
|   1886 |     87 |
|   1887 |    811 |
|   1888 |    221 |
|   1889 |    150 |
|   1890 |    753 |
|   1891 |   1068 |
|   1892 |    251 |
|   1893 |    613 |
|   1894 |    204 |
|   1895 |   1218 |
|   1896 |   1209 |
|   1897 |   1339 |
|   1898 |    828 |
|   1899 |   1452 |
|   1900 |   1125 |
|   1901 |    291 |
|   1902 |    491 |
|   1903 |    839 |
|   1904 |   1284 |
|   1905 |    296 |
|   1906 |   1320 |
|   1907 |    370 |
|   1908 |    101 |
|   1909 |   1214 |
|   1910 |    584 |
|   1911 |   1283 |
|   1912 |   1193 |
|   1913 |    861 |
|   1914 |    952 |
|   1915 |    832 |
|   1916 |    579 |
|   1917 |     74 |
|   1918 |   1152 |
|   1919 |   1241 |
|   1920 |   1348 |
|   1921 |    940 |
|   1922 |     50 |
|   1923 |   1222 |
|   1924 |    779 |
|   1925 |    720 |
|   1926 |    805 |
|   1927 |     58 |
|   1928 |   1093 |
|   1929 |    387 |
|   1930 |   1103 |
|   1931 |    732 |
|   1932 |    231 |
|   1933 |    405 |
|   1934 |    307 |
|   1935 |    763 |
|   1936 |   1007 |
|   1937 |   1235 |
|   1938 |    956 |
|   1939 |   1422 |
|   1940 |    736 |
|   1941 |   1146 |
|   1942 |   1273 |
|   1943 |   1173 |
|   1944 |   1103 |
|   1945 |    266 |
|   1946 |    277 |
|   1947 |   1184 |
|   1948 |    383 |
|   1949 |    601 |
|   1950 |    758 |
|   1951 |    129 |
|   1952 |    636 |
|   1953 |    992 |
|   1954 |    375 |
|   1955 |    432 |
|   1956 |    565 |
|   1957 |    938 |
|   1958 |    285 |
|   1959 |    349 |
|   1960 |    933 |
|   1961 |    884 |
|   1962 |    208 |
|   1963 |   1123 |
|   1964 |    358 |
|   1965 |     63 |
|   1966 |    791 |
|   1967 |    783 |
|   1968 |   1281 |
|   1969 |    859 |
|   1970 |    677 |
|   1971 |    978 |
|   1972 |   1039 |
|   1973 |    849 |
|   1974 |    612 |
|   1975 |   1243 |
|   1976 |    693 |
|   1977 |   1417 |
|   1978 |    564 |
|   1979 |   1411 |
|   1980 |    821 |
|   1981 |   1297 |
|   1982 |    763 |
|   1983 |    806 |
|   1984 |   1272 |
|   1985 |   1078 |
|   1986 |   1187 |
|   1987 |    678 |
|   1988 |   1154 |
|   1989 |   1267 |
|   1990 |    423 |
|   1991 |   1383 |
|   1992 |    363 |
|   1993 |   1432 |
|   1994 |   1262 |
|   1995 |    742 |
|   1996 |    389 |
|   1997 |    124 |
|   1998 |   1149 |
|   1999 |    780 |
|   2000 |   1394 |
|   2001 |    233 |
|   2002 |    497 |
|   2003 |    773 |
|   2004 |    440 |
|   2005 |    970 |
|   2006 |   1294 |
|   2007 |    893 |
|   2008 |    685 |
|   2009 |   1070 |
|   2010 |    506 |
|   2011 |     96 |
|   2012 |    800 |
|   2013 |    102 |
|   2014 |    576 |
|   2015 |   1127 |
|   2016 |     74 |
|   2017 |   1129 |
|   2018 |    208 |
|   2019 |    600 |
|   2020 |   1283 |
|   2021 |    150 |
|   2022 |    552 |
|   2023 |   1247 |
|   2024 |   1200 |
|   2025 |   1216 |
|   2026 |   1377 |
|   2027 |     65 |
|   2028 |    676 |
|   2029 |   1311 |
|   2030 |    992 |
|   2031 |    856 |
|   2032 |   1394 |
|   2033 |    998 |
|   2034 |    120 |
|   2035 |    626 |
|   2036 |   1261 |
|   2037 |    596 |
|   2038 |    713 |
|   2039 |   1173 |
|   2040 |   1139 |
|   2041 |    834 |
|   2042 |   1330 |
|   2043 |   1033 |
|   2044 |    693 |
|   2045 |    524 |
|   2046 |   1431 |
|   2047 |    594 |
|   2048 |    315 |
|   2049 |    224 |
|   2050 |    549 |
|   2051 |   1196 |
|   2052 |   1161 |
|   2053 |    170 |
|   2054 |    402 |
|   2055 |   1103 |
|   2056 |    317 |
|   2057 |   1419 |
|   2058 |    202 |
|   2059 |    503 |
|   2060 |    192 |
|   2061 |   1365 |
|   2062 |    330 |
|   2063 |   1338 |
|   2064 |    658 |
|   2065 |   1100 |
|   2066 |    364 |
|   2067 |   1292 |
|   2068 |    169 |
|   2069 |    107 |
|   2070 |    938 |
|   2071 |    506 |
|   2072 |   1444 |
|   2073 |   1472 |
|   2074 |   1105 |
|   2075 |    401 |
|   2076 |    921 |
|   2077 |    236 |
|   2078 |    690 |
|   2079 |    357 |
|   2080 |    328 |
|   2081 |    876 |
|   2082 |    733 |
|   2083 |    128 |
|   2084 |   1039 |
|   2085 |    925 |
|   2086 |    106 |
|   2087 |    910 |
|   2088 |   1044 |
|   2089 |    958 |
|   2090 |   1346 |
|   2091 |    128 |
|   2092 |    802 |
|   2093 |    743 |
|   2094 |    997 |
|   2095 |   1349 |
|   2096 |    747 |
|   2097 |    490 |
|   2098 |    309 |
|   2099 |    185 |
|   2100 |   1002 |
|   2101 |   1172 |
|   2102 |    166 |
|   2103 |    386 |
|   2104 |    320 |
|   2105 |     52 |
|   2106 |    436 |
|   2107 |   1015 |
|   2108 |    521 |
|   2109 |   1052 |
|   2110 |    387 |
|   2111 |    364 |
|   2112 |    626 |
|   2113 |    473 |
|   2114 |    398 |
|   2115 |    263 |
|   2116 |   1214 |
|   2117 |    458 |
|   2118 |    198 |
|   2119 |    848 |
|   2120 |    344 |
|   2121 |    750 |
|   2122 |    985 |
|   2123 |    797 |
|   2124 |    143 |
|   2125 |   1192 |
|   2126 |    958 |
|   2127 |    236 |
|   2128 |   1127 |
|   2129 |   1122 |
|   2130 |    149 |
|   2131 |   1356 |
|   2132 |    516 |
|   2133 |   1053 |
|   2134 |   1267 |
|   2135 |   1106 |
|   2136 |     98 |
|   2137 |   1342 |
|   2138 |   1042 |
|   2139 |    923 |
|   2140 |   1427 |
|   2141 |    381 |
|   2142 |    112 |
|   2143 |    784 |
|   2144 |   1056 |
|   2145 |   1259 |
|   2146 |    294 |
|   2147 |   1133 |
|   2148 |    603 |
|   2149 |    949 |
|   2150 |    187 |
|   2151 |   1321 |
|   2152 |    212 |
|   2153 |    869 |
|   2154 |    683 |
|   2155 |   1027 |
|   2156 |    170 |
|   2157 |     54 |
|   2158 |   1422 |
|   2159 |    417 |
|   2160 |    599 |
|   2161 |   1255 |
|   2162 |   1191 |
|   2163 |   1240 |
|   2164 |   1212 |
|   2165 |   1154 |
|   2166 |    388 |
|   2167 |    332 |
|   2168 |   1011 |
|   2169 |    720 |
|   2170 |     56 |
|   2171 |    535 |
|   2172 |   1343 |
|   2173 |   1193 |
|   2174 |   1275 |
|   2175 |    586 |
|   2176 |    795 |
|   2177 |    358 |
|   2178 |    860 |
|   2179 |    352 |
|   2180 |   1016 |
|   2181 |    175 |
|   2182 |   1407 |
|   2183 |    107 |
|   2184 |    549 |
|   2185 |    541 |
|   2186 |    266 |
|   2187 |    269 |
|   2188 |   1459 |
|   2189 |    232 |
|   2190 |   1155 |
|   2191 |    260 |
|   2192 |    144 |
|   2193 |   1149 |
|   2194 |    155 |
|   2195 |     56 |
|   2196 |   1361 |
|   2197 |   1318 |
|   2198 |   1202 |
|   2199 |    225 |
|   2200 |   1203 |
|   2201 |   1262 |
|   2202 |   1422 |
|   2203 |   1196 |
|   2204 |    865 |
|   2205 |    629 |
|   2206 |   1415 |
|   2207 |    384 |
|   2208 |   1203 |
|   2209 |   1169 |
|   2210 |    798 |
|   2211 |    746 |
|   2212 |   1459 |
|   2213 |   1473 |
|   2214 |   1319 |
|   2215 |    903 |
|   2216 |    588 |
|   2217 |    997 |
|   2218 |    673 |
|   2219 |    336 |
|   2220 |    354 |
|   2221 |    226 |
|   2222 |    744 |
|   2223 |   1203 |
|   2224 |     75 |
|   2225 |    221 |
|   2226 |    575 |
|   2227 |    385 |
|   2228 |    703 |
|   2229 |   1257 |
|   2230 |    658 |
|   2231 |    322 |
|   2232 |    998 |
|   2233 |    926 |
|   2234 |    225 |
|   2235 |    911 |
|   2236 |    634 |
|   2237 |   1394 |
|   2238 |   1324 |
|   2239 |   1017 |
|   2240 |    123 |
|   2241 |    549 |
|   2242 |   1348 |
|   2243 |    376 |
|   2244 |    982 |
|   2245 |    926 |
|   2246 |    635 |
|   2247 |    508 |
|   2248 |    320 |
|   2249 |   1196 |
|   2250 |   1108 |
|   2251 |   1125 |
|   2252 |    369 |
|   2253 |   1248 |
|   2254 |   1179 |
|   2255 |    634 |
|   2256 |   1463 |
|   2257 |   1316 |
|   2258 |   1398 |
|   2259 |   1468 |
|   2260 |    447 |
|   2261 |    548 |
|   2262 |    380 |
|   2263 |    381 |
|   2264 |     53 |
|   2265 |   1099 |
|   2266 |   1212 |
|   2267 |   1469 |
|   2268 |   1338 |
|   2269 |    361 |
|   2270 |    764 |
|   2271 |    696 |
|   2272 |    428 |
|   2273 |    207 |
|   2274 |    589 |
|   2275 |   1086 |
|   2276 |    103 |
|   2277 |    183 |
|   2278 |    467 |
|   2279 |    215 |
|   2280 |    494 |
|   2281 |    677 |
|   2282 |    461 |
|   2283 |    620 |
|   2284 |    787 |
|   2285 |    104 |
|   2286 |   1002 |
|   2287 |    436 |
|   2288 |    435 |
|   2289 |    733 |
|   2290 |   1259 |
|   2291 |    631 |
|   2292 |    423 |
|   2293 |     60 |
|   2294 |    967 |
|   2295 |    383 |
|   2296 |    207 |
|   2297 |    896 |
|   2298 |    269 |
|   2299 |   1321 |
|   2300 |    858 |
|   2301 |   1392 |
|   2302 |   1328 |
|   2303 |    704 |
|   2304 |   1474 |
|   2305 |   1006 |
|   2306 |    562 |
|   2307 |   1383 |
|   2308 |    813 |
|   2309 |    756 |
|   2310 |    903 |
|   2311 |    117 |
|   2312 |   1187 |
|   2313 |    981 |
|   2314 |    162 |
|   2315 |    587 |
|   2316 |    938 |
|   2317 |    590 |
|   2318 |    579 |
|   2319 |   1293 |
|   2320 |   1001 |
|   2321 |   1048 |
|   2322 |   1331 |
|   2323 |    408 |
|   2324 |    504 |
|   2325 |    527 |
|   2326 |    572 |
|   2327 |    531 |
|   2328 |   1204 |
|   2329 |   1437 |
|   2330 |     93 |
|   2331 |   1277 |
|   2332 |   1394 |
|   2333 |   1092 |
|   2334 |    732 |
|   2335 |   1122 |
|   2336 |    525 |
|   2337 |    113 |
|   2338 |    148 |
|   2339 |    708 |
|   2340 |    869 |
|   2341 |   1178 |
|   2342 |   1007 |
|   2343 |    528 |
|   2344 |    388 |
|   2345 |   1380 |
|   2346 |   1329 |
|   2347 |    879 |
|   2348 |    193 |
|   2349 |    671 |
|   2350 |    675 |
|   2351 |   1259 |
|   2352 |    802 |
|   2353 |   1144 |
|   2354 |   1052 |
|   2355 |   1422 |
|   2356 |    609 |
|   2357 |   1126 |
|   2358 |    596 |
|   2359 |   1252 |
|   2360 |    699 |
|   2361 |    143 |
|   2362 |    221 |
|   2363 |    232 |
|   2364 |    916 |
|   2365 |    208 |
|   2366 |   1368 |
|   2367 |    828 |
|   2368 |   1300 |
|   2369 |    974 |
|   2370 |    764 |
|   2371 |    861 |
|   2372 |    924 |
|   2373 |   1270 |
|   2374 |    243 |
|   2375 |    562 |
|   2376 |   1115 |
|   2377 |    300 |
|   2378 |    493 |
|   2379 |    859 |
|   2380 |    821 |
|   2381 |   1024 |
|   2382 |   1035 |
|   2383 |   1461 |
|   2384 |   1088 |
|   2385 |    481 |
|   2386 |    971 |
|   2387 |    953 |
|   2388 |    701 |
|   2389 |    901 |
|   2390 |   1415 |
|   2391 |    344 |
|   2392 |   1375 |
|   2393 |    718 |
|   2394 |   1305 |
|   2395 |    867 |
|   2396 |    288 |
|   2397 |    778 |
|   2398 |    331 |
|   2399 |    350 |
|   2400 |   1152 |
|   2401 |    489 |
|   2402 |    668 |
|   2403 |    304 |
|   2404 |    252 |
|   2405 |    722 |
|   2406 |   1327 |
|   2407 |    978 |
|   2408 |   1443 |
|   2409 |   1018 |
|   2410 |    998 |
|   2411 |    826 |
|   2412 |    857 |
|   2413 |    771 |
|   2414 |    378 |
|   2415 |    401 |
|   2416 |   1013 |
|   2417 |    523 |
|   2418 |   1326 |
|   2419 |     68 |
|   2420 |    786 |
|   2421 |    185 |
|   2422 |    960 |
|   2423 |    103 |
|   2424 |    975 |
|   2425 |    318 |
|   2426 |    833 |
|   2427 |   1097 |
|   2428 |    419 |
|   2429 |    429 |
|   2430 |    813 |
|   2431 |    436 |
|   2432 |   1039 |
|   2433 |    411 |
|   2434 |    655 |
|   2435 |   1283 |
|   2436 |   1018 |
|   2437 |    512 |
|   2438 |    250 |
|   2439 |   1335 |
|   2440 |    207 |
|   2441 |    268 |
|   2442 |    178 |
|   2443 |    587 |
|   2444 |   1233 |
|   2445 |    325 |
|   2446 |    672 |
|   2447 |   1075 |
|   2448 |    490 |
|   2449 |    463 |
|   2450 |    620 |
|   2451 |    768 |
|   2452 |    916 |
|   2453 |    604 |
|   2454 |    407 |
|   2455 |    200 |
|   2456 |    847 |
|   2457 |    951 |
|   2458 |    255 |
|   2459 |   1199 |
|   2460 |    839 |
|   2461 |    934 |
|   2462 |    709 |
|   2463 |    633 |
|   2464 |   1254 |
|   2465 |    223 |
|   2466 |   1208 |
|   2467 |   1280 |
|   2468 |   1160 |
|   2469 |     63 |
|   2470 |    528 |
|   2471 |   1412 |
|   2472 |   1269 |
|   2473 |   1061 |
|   2474 |    752 |
|   2475 |    887 |
|   2476 |     76 |
|   2477 |   1388 |
|   2478 |   1437 |
|   2479 |   1004 |
|   2480 |    190 |
|   2481 |     74 |
|   2482 |   1317 |
|   2483 |    290 |
|   2484 |   1189 |
|   2485 |    801 |
|   2486 |   1338 |
|   2487 |    525 |
|   2488 |    247 |
|   2489 |    932 |
|   2490 |    713 |
|   2491 |    959 |
|   2492 |   1120 |
|   2493 |   1078 |
|   2494 |   1166 |
|   2495 |    711 |
|   2496 |   1418 |
|   2497 |   1412 |
|   2498 |   1073 |
|   2499 |    137 |
|   2500 |     85 |
|   2501 |     88 |
|   2502 |    380 |
|   2503 |   1212 |
|   2504 |    702 |
|   2505 |   1289 |
|   2506 |    856 |
|   2507 |    554 |
|   2508 |   1254 |
|   2509 |   1256 |
|   2510 |   1171 |
|   2511 |    782 |
|   2512 |    113 |
|   2513 |   1131 |
|   2514 |   1295 |
|   2515 |   1080 |
|   2516 |    319 |
|   2517 |    709 |
|   2518 |   1458 |
|   2519 |   1194 |
|   2520 |    613 |
|   2521 |    578 |
|   2522 |    185 |
|   2523 |   1097 |
|   2524 |    880 |
|   2525 |    941 |
|   2526 |    881 |
|   2527 |    660 |
|   2528 |    489 |
|   2529 |    344 |
|   2530 |    110 |
|   2531 |     55 |
|   2532 |     91 |
|   2533 |   1165 |
|   2534 |   1274 |
|   2535 |    963 |
|   2536 |   1035 |
|   2537 |    845 |
|   2538 |   1161 |
|   2539 |    776 |
|   2540 |    134 |
|   2541 |   1366 |
|   2542 |    195 |
|   2543 |   1224 |
|   2544 |   1019 |
|   2545 |    291 |
|   2546 |    970 |
|   2547 |    821 |
|   2548 |   1343 |
|   2549 |    127 |
|   2550 |    298 |
|   2551 |   1117 |
|   2552 |   1290 |
|   2553 |    787 |
|   2554 |    613 |
|   2555 |    421 |
|   2556 |   1206 |
|   2557 |    466 |
|   2558 |    374 |
|   2559 |    696 |
|   2560 |   1027 |
|   2561 |   1088 |
|   2562 |    717 |
|   2563 |   1321 |
|   2564 |    675 |
|   2565 |    890 |
|   2566 |    804 |
|   2567 |   1111 |
|   2568 |   1280 |
|   2569 |    204 |
|   2570 |    604 |
|   2571 |    828 |
|   2572 |    675 |
|   2573 |    170 |
|   2574 |    655 |
|   2575 |    519 |
|   2576 |    149 |
|   2577 |    485 |
|   2578 |    448 |
|   2579 |    980 |
|   2580 |    215 |
|   2581 |    148 |
|   2582 |    640 |
|   2583 |    856 |
|   2584 |    955 |
|   2585 |    183 |
|   2586 |    775 |
|   2587 |     96 |
|   2588 |    380 |
|   2589 |    889 |
|   2590 |    569 |
|   2591 |   1257 |
|   2592 |    652 |
|   2593 |   1166 |
|   2594 |    706 |
|   2595 |    883 |
|   2596 |   1377 |
|   2597 |   1001 |
|   2598 |   1241 |
|   2599 |    903 |
|   2600 |   1203 |
|   2601 |    418 |
|   2602 |    658 |
|   2603 |    919 |
|   2604 |   1181 |
|   2605 |    263 |
|   2606 |    826 |
|   2607 |   1352 |
|   2608 |   1199 |
|   2609 |    952 |
|   2610 |    946 |
|   2611 |   1108 |
|   2612 |     59 |
|   2613 |    304 |
|   2614 |   1393 |
|   2615 |   1193 |
|   2616 |    467 |
|   2617 |    820 |
|   2618 |    566 |
|   2619 |    799 |
|   2620 |   1003 |
|   2621 |    464 |
|   2622 |   1364 |
|   2623 |    152 |
|   2624 |    590 |
|   2625 |    107 |
|   2626 |    426 |
|   2627 |    898 |
|   2628 |    355 |
|   2629 |    250 |
|   2630 |    979 |
|   2631 |   1234 |
|   2632 |   1330 |
|   2633 |    268 |
|   2634 |   1061 |
|   2635 |    767 |
|   2636 |   1424 |
|   2637 |   1255 |
|   2638 |    807 |
|   2639 |    933 |
|   2640 |     76 |
|   2641 |     85 |
|   2642 |    521 |
|   2643 |    269 |
|   2644 |   1195 |
|   2645 |   1419 |
|   2646 |    440 |
|   2647 |    282 |
|   2648 |   1441 |
|   2649 |   1058 |
|   2650 |    992 |
|   2651 |   1292 |
|   2652 |   1445 |
|   2653 |    160 |
|   2654 |    210 |
|   2655 |   1113 |
|   2656 |   1400 |
|   2657 |    865 |
|   2658 |   1340 |
|   2659 |    184 |
|   2660 |     89 |
|   2661 |    108 |
|   2662 |    241 |
|   2663 |    368 |
|   2664 |     94 |
|   2665 |    538 |
|   2666 |   1238 |
|   2667 |   1028 |
|   2668 |   1225 |
|   2669 |   1198 |
|   2670 |   1098 |
|   2671 |    968 |
|   2672 |    565 |
|   2673 |   1127 |
|   2674 |   1192 |
|   2675 |   1309 |
|   2676 |   1137 |
|   2677 |   1334 |
|   2678 |    340 |
|   2679 |    776 |
|   2680 |    551 |
|   2681 |   1258 |
|   2682 |   1323 |
|   2683 |   1272 |
|   2684 |    123 |
|   2685 |    810 |
|   2686 |    657 |
|   2687 |    971 |
|   2688 |    122 |
|   2689 |   1277 |
|   2690 |    325 |
|   2691 |   1342 |
|   2692 |    251 |
|   2693 |    487 |
|   2694 |   1075 |
|   2695 |   1071 |
|   2696 |    957 |
|   2697 |   1169 |
|   2698 |    304 |
|   2699 |    441 |
|   2700 |    444 |
|   2701 |    861 |
|   2702 |   1174 |
|   2703 |    537 |
|   2704 |     87 |
|   2705 |    780 |
|   2706 |    392 |
|   2707 |    887 |
|   2708 |    292 |
|   2709 |    606 |
|   2710 |   1205 |
|   2711 |   1276 |
|   2712 |    927 |
|   2713 |    936 |
|   2714 |    516 |
|   2715 |   1371 |
|   2716 |   1196 |
|   2717 |    268 |
|   2718 |    955 |
|   2719 |   1055 |
|   2720 |    254 |
|   2721 |   1182 |
|   2722 |   1069 |
|   2723 |    786 |
|   2724 |    560 |
|   2725 |   1162 |
|   2726 |    228 |
|   2727 |    629 |
|   2728 |   1016 |
|   2729 |   1254 |
|   2730 |   1335 |
|   2731 |    105 |
|   2732 |    414 |
|   2733 |    879 |
|   2734 |    912 |
|   2735 |    365 |
|   2736 |   1091 |
|   2737 |    595 |
|   2738 |    943 |
|   2739 |    871 |
|   2740 |    538 |
|   2741 |   1083 |
|   2742 |    694 |
|   2743 |    605 |
|   2744 |    756 |
|   2745 |    187 |
|   2746 |     69 |
|   2747 |    308 |
|   2748 |    319 |
|   2749 |    526 |
|   2750 |   1182 |
|   2751 |     64 |
|   2752 |    350 |
|   2753 |    996 |
|   2754 |   1251 |
|   2755 |    140 |
|   2756 |    778 |
|   2757 |    355 |
|   2758 |    548 |
|   2759 |    826 |
|   2760 |    974 |
|   2761 |    464 |
|   2762 |   1398 |
|   2763 |    630 |
|   2764 |   1086 |
|   2765 |    328 |
|   2766 |    590 |
|   2767 |   1403 |
|   2768 |   1086 |
|   2769 |   1281 |
|   2770 |   1077 |
|   2771 |   1213 |
|   2772 |    947 |
|   2773 |    205 |
|   2774 |   1145 |
|   2775 |    658 |
|   2776 |    407 |
|   2777 |   1110 |
|   2778 |   1165 |
|   2779 |    583 |
|   2780 |    314 |
|   2781 |    594 |
|   2782 |    390 |
|   2783 |   1197 |
|   2784 |   1147 |
|   2785 |    293 |
|   2786 |   1087 |
|   2787 |    534 |
|   2788 |    712 |
|   2789 |    425 |
|   2790 |   1012 |
|   2791 |    820 |
|   2792 |    867 |
|   2793 |    475 |
|   2794 |     95 |
|   2795 |    712 |
|   2796 |   1033 |
|   2797 |   1001 |
|   2798 |    884 |
|   2799 |    547 |
|   2800 |   1187 |
|   2801 |   1274 |
|   2802 |    145 |
|   2803 |   1376 |
|   2804 |    636 |
|   2805 |    978 |
|   2806 |   1020 |
|   2807 |    705 |
|   2808 |   1006 |
|   2809 |    684 |
|   2810 |    403 |
|   2811 |   1359 |
|   2812 |   1201 |
|   2813 |    773 |
|   2814 |    883 |
|   2815 |    749 |
|   2816 |   1287 |
|   2817 |    647 |
|   2818 |    480 |
|   2819 |   1189 |
|   2820 |    214 |
|   2821 |    749 |
|   2822 |    995 |
|   2823 |   1414 |
|   2824 |     61 |
|   2825 |    692 |
|   2826 |    993 |
|   2827 |   1406 |
|   2828 |    294 |
|   2829 |    283 |
|   2830 |   1450 |
|   2831 |    618 |
|   2832 |    416 |
|   2833 |   1013 |
|   2834 |   1455 |
|   2835 |    335 |
|   2836 |    191 |
|   2837 |    575 |
|   2838 |    608 |
|   2839 |    235 |
|   2840 |    162 |
|   2841 |    739 |
|   2842 |   1193 |
|   2843 |   1310 |
|   2844 |    194 |
|   2845 |   1230 |
|   2846 |   1090 |
|   2847 |    940 |
|   2848 |    173 |
|   2849 |   1362 |
|   2850 |    450 |
|   2851 |    833 |
|   2852 |    603 |
|   2853 |    571 |
|   2854 |    272 |
|   2855 |    788 |
|   2856 |    105 |
|   2857 |   1098 |
|   2858 |    224 |
|   2859 |    427 |
|   2860 |    380 |
|   2861 |   1122 |
|   2862 |    916 |
|   2863 |    382 |
|   2864 |   1402 |
|   2865 |     94 |
|   2866 |    883 |
|   2867 |    847 |
|   2868 |    243 |
|   2869 |    310 |
|   2870 |    599 |
|   2871 |    388 |
|   2872 |    514 |
|   2873 |    836 |
|   2874 |    936 |
|   2875 |   1468 |
|   2876 |    248 |
|   2877 |    574 |
|   2878 |   1266 |
|   2879 |   1361 |
|   2880 |    811 |
|   2881 |    899 |
|   2882 |    275 |
|   2883 |    554 |
|   2884 |    397 |
|   2885 |    425 |
|   2886 |    446 |
|   2887 |    190 |
|   2888 |    457 |
|   2889 |    832 |
|   2890 |    730 |
|   2891 |    700 |
|   2892 |   1420 |
|   2893 |    637 |
|   2894 |   1164 |
|   2895 |    254 |
|   2896 |    407 |
|   2897 |    113 |
|   2898 |   1115 |
|   2899 |    906 |
|   2900 |   1466 |
|   2901 |   1363 |
|   2902 |    656 |
|   2903 |   1099 |
|   2904 |   1185 |
|   2905 |   1114 |
|   2906 |    994 |
|   2907 |    951 |
|   2908 |     91 |
|   2909 |    130 |
|   2910 |    641 |
|   2911 |    400 |
|   2912 |   1265 |
|   2913 |   1143 |
|   2914 |    351 |
|   2915 |    951 |
|   2916 |   1004 |
|   2917 |    712 |
|   2918 |    670 |
|   2919 |   1093 |
|   2920 |   1328 |
|   2921 |   1034 |
|   2922 |    869 |
|   2923 |    386 |
|   2924 |    740 |
|   2925 |     86 |
|   2926 |    199 |
|   2927 |    873 |
|   2928 |    147 |
|   2929 |    397 |
|   2930 |    254 |
|   2931 |    866 |
|   2932 |    307 |
|   2933 |    506 |
|   2934 |    846 |
|   2935 |   1103 |
|   2936 |    630 |
|   2937 |    868 |
|   2938 |    992 |
|   2939 |   1238 |
|   2940 |   1346 |
|   2941 |   1089 |
|   2942 |    273 |
|   2943 |    943 |
|   2944 |    359 |
|   2945 |    286 |
|   2946 |    760 |
|   2947 |    708 |
|   2948 |   1030 |
|   2949 |    275 |
|   2950 |    497 |
|   2951 |    918 |
|   2952 |    840 |
|   2953 |    575 |
|   2954 |    111 |
|   2955 |   1431 |
|   2956 |   1406 |
|   2957 |    594 |
|   2958 |    703 |
|   2959 |    249 |
|   2960 |   1249 |
|   2961 |    852 |
|   2962 |    363 |
|   2963 |    591 |
|   2964 |    379 |
|   2965 |     77 |
|   2966 |    210 |
|   2967 |    782 |
|   2968 |    908 |
|   2969 |   1395 |
|   2970 |    246 |
|   2971 |    466 |
|   2972 |   1402 |
|   2973 |    235 |
|   2974 |    194 |
|   2975 |    401 |
|   2976 |    520 |
|   2977 |   1373 |
|   2978 |   1273 |
|   2979 |    868 |
|   2980 |    549 |
|   2981 |    673 |
|   2982 |   1307 |
|   2983 |    157 |
|   2984 |    720 |
|   2985 |    329 |
|   2986 |    463 |
|   2987 |   1017 |
|   2988 |    834 |
|   2989 |    301 |
|   2990 |     59 |
|   2991 |    889 |
|   2992 |    819 |
|   2993 |    539 |
|   2994 |    343 |
|   2995 |    880 |
|   2996 |   1066 |
|   2997 |    856 |
|   2998 |   1041 |
|   2999 |    740 |
|   3000 |    565 |
|   3001 |    295 |
|   3002 |    608 |
|   3003 |    560 |
|   3004 |    546 |
|   3005 |   1342 |
|   3006 |    836 |
|   3007 |    680 |
|   3008 |    658 |
|   3009 |    904 |
|   3010 |   1349 |
|   3011 |    562 |
|   3012 |   1103 |
|   3013 |    481 |
|   3014 |    605 |
|   3015 |    951 |
|   3016 |    602 |
|   3017 |    325 |
|   3018 |    773 |
|   3019 |    108 |
|   3020 |    756 |
|   3021 |     66 |
|   3022 |    326 |
|   3023 |   1250 |
|   3024 |    998 |
|   3025 |    519 |
|   3026 |    212 |
|   3027 |    618 |
|   3028 |    371 |
|   3029 |    640 |
|   3030 |    331 |
|   3031 |    379 |
|   3032 |    325 |
|   3033 |   1448 |
|   3034 |    768 |
|   3035 |    104 |
|   3036 |    532 |
|   3037 |    925 |
|   3038 |    184 |
|   3039 |   1059 |
|   3040 |    443 |
|   3041 |    231 |
|   3042 |    135 |
|   3043 |   1278 |
|   3044 |   1432 |
|   3045 |    991 |
|   3046 |    572 |
|   3047 |   1388 |
|   3048 |    877 |
|   3049 |   1169 |
|   3050 |   1001 |
|   3051 |    606 |
|   3052 |    100 |
|   3053 |    612 |
|   3054 |   1112 |
|   3055 |   1434 |
|   3056 |    405 |
|   3057 |   1012 |
|   3058 |   1097 |
|   3059 |   1048 |
|   3060 |    618 |
|   3061 |   1365 |
|   3062 |   1175 |
|   3063 |    748 |
|   3064 |    245 |
|   3065 |    765 |
|   3066 |    530 |
|   3067 |   1465 |
|   3068 |    311 |
|   3069 |   1068 |
|   3070 |    897 |
|   3071 |   1041 |
|   3072 |    298 |
|   3073 |   1286 |
|   3074 |    742 |
|   3075 |   1166 |
|   3076 |    319 |
|   3077 |    512 |
|   3078 |    940 |
|   3079 |   1205 |
|   3080 |   1269 |
|   3081 |   1197 |
|   3082 |    796 |
|   3083 |   1073 |
|   3084 |    686 |
|   3085 |   1105 |
|   3086 |   1003 |
|   3087 |    343 |
|   3088 |   1270 |
|   3089 |   1387 |
|   3090 |    967 |
|   3091 |     76 |
|   3092 |   1324 |
|   3093 |    560 |
|   3094 |   1367 |
|   3095 |    270 |
|   3096 |   1140 |
|   3097 |    433 |
|   3098 |    813 |
|   3099 |    823 |
|   3100 |    301 |
|   3101 |    867 |
|   3102 |    337 |
|   3103 |    351 |
|   3104 |   1405 |
|   3105 |    881 |
|   3106 |    268 |
|   3107 |    735 |
|   3108 |    864 |
|   3109 |     67 |
|   3110 |    417 |
|   3111 |    360 |
|   3112 |    834 |
|   3113 |    750 |
|   3114 |    917 |
|   3115 |   1006 |
|   3116 |    107 |
|   3117 |    577 |
|   3118 |    411 |
|   3119 |   1376 |
|   3120 |    878 |
|   3121 |    171 |
|   3122 |    326 |
|   3123 |    816 |
|   3124 |    625 |
|   3125 |   1321 |
|   3126 |    528 |
|   3127 |    439 |
|   3128 |    307 |
|   3129 |    368 |
|   3130 |    797 |
|   3131 |    992 |
|   3132 |    967 |
|   3133 |    715 |
|   3134 |    538 |
|   3135 |    360 |
|   3136 |   1428 |
|   3137 |    679 |
|   3138 |   1201 |
|   3139 |   1431 |
|   3140 |    516 |
|   3141 |    547 |
|   3142 |    959 |
|   3143 |    460 |
|   3144 |    809 |
|   3145 |    746 |
|   3146 |    391 |
|   3147 |    835 |
|   3148 |    274 |
|   3149 |    775 |
|   3150 |    146 |
|   3151 |   1028 |
|   3152 |    121 |
|   3153 |    742 |
|   3154 |    794 |
|   3155 |    193 |
|   3156 |    979 |
|   3157 |    909 |
|   3158 |    104 |
|   3159 |    124 |
|   3160 |     74 |
|   3161 |   1066 |
|   3162 |    776 |
|   3163 |   1447 |
|   3164 |   1391 |
|   3165 |    866 |
|   3166 |   1089 |
|   3167 |   1239 |
|   3168 |    214 |
|   3169 |     74 |
|   3170 |   1441 |
|   3171 |   1359 |
|   3172 |   1039 |
|   3173 |   1286 |
|   3174 |    653 |
|   3175 |    482 |
|   3176 |    338 |
|   3177 |   1258 |
|   3178 |    781 |
|   3179 |    504 |
|   3180 |    293 |
|   3181 |    465 |
|   3182 |   1420 |
|   3183 |    293 |
|   3184 |    649 |
|   3185 |   1359 |
|   3186 |    827 |
|   3187 |    342 |
|   3188 |    612 |
|   3189 |    727 |
|   3190 |    516 |
|   3191 |   1263 |
|   3192 |    676 |
|   3193 |    753 |
|   3194 |    732 |
|   3195 |   1172 |
|   3196 |    702 |
|   3197 |   1444 |
|   3198 |    552 |
|   3199 |    531 |
|   3200 |   1215 |
|   3201 |    464 |
|   3202 |   1427 |
|   3203 |    983 |
|   3204 |   1396 |
|   3205 |     56 |
|   3206 |    832 |
|   3207 |   1053 |
|   3208 |    748 |
|   3209 |     87 |
|   3210 |    488 |
|   3211 |    888 |
|   3212 |    737 |
|   3213 |   1126 |
|   3214 |    148 |
|   3215 |    389 |
|   3216 |    592 |
|   3217 |    859 |
|   3218 |   1421 |
|   3219 |     58 |
|   3220 |    643 |
|   3221 |    621 |
|   3222 |   1163 |
|   3223 |    322 |
|   3224 |    257 |
|   3225 |   1081 |
|   3226 |    335 |
|   3227 |     87 |
|   3228 |    922 |
|   3229 |   1012 |
|   3230 |    740 |
|   3231 |    276 |
|   3232 |     91 |
|   3233 |    975 |
|   3234 |   1285 |
|   3235 |    279 |
|   3236 |    592 |
|   3237 |    199 |
|   3238 |    383 |
|   3239 |    174 |
|   3240 |   1272 |
|   3241 |   1314 |
|   3242 |    451 |
|   3243 |    951 |
|   3244 |    803 |
|   3245 |   1258 |
|   3246 |   1193 |
|   3247 |   1329 |
|   3248 |    266 |
|   3249 |     82 |
|   3250 |    409 |
|   3251 |    497 |
|   3252 |    813 |
|   3253 |    300 |
|   3254 |    419 |
|   3255 |   1109 |
|   3256 |    565 |
|   3257 |   1433 |
|   3258 |    370 |
|   3259 |    470 |
|   3260 |   1267 |
|   3261 |    853 |
|   3262 |   1019 |
|   3263 |   1313 |
|   3264 |    383 |
|   3265 |   1313 |
|   3266 |    832 |
|   3267 |    157 |
|   3268 |    526 |
|   3269 |    645 |
|   3270 |   1442 |
|   3271 |    341 |
|   3272 |    476 |
|   3273 |   1049 |
|   3274 |   1299 |
|   3275 |    589 |
|   3276 |   1154 |
|   3277 |    648 |
|   3278 |   1269 |
|   3279 |    501 |
|   3280 |    738 |
|   3281 |    448 |
|   3282 |   1014 |
|   3283 |    899 |
|   3284 |    908 |
|   3285 |    767 |
|   3286 |   1332 |
|   3287 |    533 |
|   3288 |   1257 |
|   3289 |    346 |
|   3290 |   1308 |
|   3291 |   1263 |
|   3292 |    999 |
|   3293 |    686 |
|   3294 |   1152 |
|   3295 |    426 |
|   3296 |    692 |
|   3297 |    337 |
|   3298 |    996 |
|   3299 |   1038 |
|   3300 |    292 |
|   3301 |    192 |
|   3302 |    845 |
|   3303 |   1422 |
|   3304 |    533 |
|   3305 |    255 |
|   3306 |    497 |
|   3307 |    636 |
|   3308 |   1074 |
|   3309 |    377 |
|   3310 |    344 |
|   3311 |   1213 |
|   3312 |    989 |
|   3313 |   1106 |
|   3314 |    445 |
|   3315 |   1440 |
|   3316 |    755 |
|   3317 |   1466 |
|   3318 |    228 |
|   3319 |   1425 |
|   3320 |   1322 |
|   3321 |   1209 |
|   3322 |    460 |
|   3323 |    916 |
|   3324 |    850 |
|   3325 |    102 |
|   3326 |   1307 |
|   3327 |    325 |
|   3328 |    373 |
|   3329 |    335 |
|   3330 |    967 |
|   3331 |   1428 |
|   3332 |    456 |
|   3333 |    356 |
|   3334 |    107 |
|   3335 |    662 |
|   3336 |     98 |
|   3337 |    473 |
|   3338 |    901 |
|   3339 |   1433 |
|   3340 |   1316 |
|   3341 |   1392 |
|   3342 |    207 |
|   3343 |   1298 |
|   3344 |    751 |
|   3345 |    359 |
|   3346 |   1301 |
|   3347 |    382 |
|   3348 |    229 |
|   3349 |    282 |
|   3350 |    957 |
|   3351 |   1139 |
|   3352 |    506 |
|   3353 |    868 |
|   3354 |    525 |
|   3355 |    238 |
|   3356 |    169 |
|   3357 |   1405 |
|   3358 |    625 |
|   3359 |   1091 |
|   3360 |    963 |
|   3361 |   1324 |
|   3362 |   1053 |
|   3363 |    768 |
|   3364 |    200 |
|   3365 |   1091 |
|   3366 |   1140 |
|   3367 |   1224 |
|   3368 |   1431 |
|   3369 |    976 |
|   3370 |    778 |
|   3371 |   1409 |
|   3372 |   1252 |
|   3373 |    230 |
|   3374 |    201 |
|   3375 |    237 |
|   3376 |    517 |
|   3377 |   1362 |
|   3378 |    168 |
|   3379 |   1193 |
|   3380 |    673 |
|   3381 |    666 |
|   3382 |    647 |
|   3383 |    100 |
|   3384 |    736 |
|   3385 |   1019 |
|   3386 |   1040 |
|   3387 |    976 |
|   3388 |   1201 |
|   3389 |   1065 |
|   3390 |     73 |
|   3391 |    177 |
|   3392 |    484 |
|   3393 |   1049 |
|   3394 |   1245 |
|   3395 |    858 |
|   3396 |    176 |
|   3397 |    796 |
|   3398 |    560 |
|   3399 |    795 |
|   3400 |    428 |
|   3401 |    188 |
|   3402 |    935 |
|   3403 |   1351 |
|   3404 |    301 |
|   3405 |    421 |
|   3406 |     68 |
|   3407 |    581 |
|   3408 |    110 |
|   3409 |    728 |
|   3410 |    448 |
|   3411 |   1157 |
|   3412 |    624 |
|   3413 |    236 |
|   3414 |   1099 |
|   3415 |    383 |
|   3416 |    423 |
|   3417 |   1091 |
|   3418 |   1229 |
|   3419 |    109 |
|   3420 |    536 |
|   3421 |   1122 |
|   3422 |   1019 |
|   3423 |    959 |
|   3424 |    562 |
|   3425 |    687 |
|   3426 |   1226 |
|   3427 |    160 |
|   3428 |   1084 |
|   3429 |    583 |
|   3430 |   1082 |
|   3431 |    137 |
|   3432 |    863 |
|   3433 |   1388 |
|   3434 |    440 |
|   3435 |    134 |
|   3436 |    774 |
|   3437 |   1086 |
|   3438 |   1378 |
|   3439 |    831 |
|   3440 |    111 |
|   3441 |   1343 |
|   3442 |    952 |
|   3443 |   1339 |
|   3444 |     91 |
|   3445 |    752 |
|   3446 |    243 |
|   3447 |   1434 |
|   3448 |    157 |
|   3449 |   1089 |
|   3450 |   1431 |
|   3451 |   1253 |
|   3452 |    508 |
|   3453 |    628 |
|   3454 |    959 |
|   3455 |   1337 |
|   3456 |    731 |
|   3457 |    565 |
|   3458 |    365 |
|   3459 |    921 |
|   3460 |    815 |
|   3461 |   1433 |
|   3462 |    122 |
|   3463 |    231 |
|   3464 |    144 |
|   3465 |   1309 |
|   3466 |    901 |
|   3467 |    414 |
|   3468 |    751 |
Numerul TOTAL de pagini este 2637167
O TREIME de pagini este reprezentata 879055
===Rezultatele in cazul unei metode greedy===
Angajatul 1 este responsabil de 879043 pagini.
Angajatul 2 este responsabil de 877959 pagini.
Angajatul 3 este responsabil de 880165 pagini.
===Rezultatele in cazul unei metode de cautare exhaustive===
Angajatul 1 este responsabil de 879216 pagini.
Angajatul 2 este responsabil de 879169 pagini.
Angajatul 3 este responsabil de 878782 pagini.
