Numărul de cărți este 3386

| Cartea | Pagini |
|--------|--------|
|      1 |   1241 |
|      2 |    387 |
|      3 |    232 |
|      4 |    301 |
|      5 |    557 |
|      6 |   1293 |
|      7 |    851 |
|      8 |    129 |
|      9 |    840 |
|     10 |    919 |
|     11 |   1204 |
|     12 |    815 |
|     13 |    904 |
|     14 |    780 |
|     15 |    750 |
|     16 |   1257 |
|     17 |    130 |
|     18 |    961 |
|     19 |    967 |
|     20 |   1066 |
|     21 |   1071 |
|     22 |    331 |
|     23 |    630 |
|     24 |   1390 |
|     25 |   1457 |
|     26 |   1464 |
|     27 |   1169 |
|     28 |   1123 |
|     29 |     52 |
|     30 |   1080 |
|     31 |   1323 |
|     32 |   1003 |
|     33 |    199 |
|     34 |    252 |
|     35 |    906 |
|     36 |    342 |
|     37 |   1303 |
|     38 |    928 |
|     39 |   1432 |
|     40 |    303 |
|     41 |    551 |
|     42 |    222 |
|     43 |    624 |
|     44 |   1329 |
|     45 |    835 |
|     46 |    330 |
|     47 |   1327 |
|     48 |     80 |
|     49 |    145 |
|     50 |   1331 |
|     51 |    501 |
|     52 |    556 |
|     53 |   1139 |
|     54 |    440 |
|     55 |    187 |
|     56 |    601 |
|     57 |    502 |
|     58 |    605 |
|     59 |    425 |
|     60 |   1229 |
|     61 |   1058 |
|     62 |    703 |
|     63 |    344 |
|     64 |   1392 |
|     65 |    556 |
|     66 |    157 |
|     67 |    162 |
|     68 |   1410 |
|     69 |     91 |
|     70 |    202 |
|     71 |    416 |
|     72 |    488 |
|     73 |    333 |
|     74 |    426 |
|     75 |   1117 |
|     76 |    121 |
|     77 |   1447 |
|     78 |   1313 |
|     79 |   1429 |
|     80 |    268 |
|     81 |    533 |
|     82 |   1430 |
|     83 |   1150 |
|     84 |     63 |
|     85 |   1034 |
|     86 |   1428 |
|     87 |    302 |
|     88 |   1364 |
|     89 |    870 |
|     90 |    632 |
|     91 |    977 |
|     92 |   1258 |
|     93 |    839 |
|     94 |   1244 |
|     95 |    607 |
|     96 |    307 |
|     97 |   1430 |
|     98 |    249 |
|     99 |    763 |
|    100 |   1276 |
|    101 |   1124 |
|    102 |   1117 |
|    103 |    703 |
|    104 |    883 |
|    105 |   1365 |
|    106 |   1201 |
|    107 |   1180 |
|    108 |    626 |
|    109 |   1343 |
|    110 |   1154 |
|    111 |    583 |
|    112 |    740 |
|    113 |    615 |
|    114 |    806 |
|    115 |    356 |
|    116 |    496 |
|    117 |   1238 |
|    118 |    778 |
|    119 |    339 |
|    120 |    252 |
|    121 |    379 |
|    122 |   1326 |
|    123 |    989 |
|    124 |   1373 |
|    125 |    689 |
|    126 |    599 |
|    127 |    237 |
|    128 |    877 |
|    129 |    916 |
|    130 |    898 |
|    131 |    529 |
|    132 |   1135 |
|    133 |   1166 |
|    134 |    910 |
|    135 |    964 |
|    136 |    133 |
|    137 |    953 |
|    138 |   1014 |
|    139 |     70 |
|    140 |   1159 |
|    141 |    237 |
|    142 |   1065 |
|    143 |   1212 |
|    144 |    285 |
|    145 |    110 |
|    146 |    651 |
|    147 |    592 |
|    148 |    492 |
|    149 |    499 |
|    150 |   1180 |
|    151 |   1128 |
|    152 |    826 |
|    153 |     96 |
|    154 |   1265 |
|    155 |    808 |
|    156 |    888 |
|    157 |    169 |
|    158 |    445 |
|    159 |    256 |
|    160 |    396 |
|    161 |    362 |
|    162 |   1274 |
|    163 |    885 |
|    164 |   1338 |
|    165 |    946 |
|    166 |    601 |
|    167 |   1342 |
|    168 |   1019 |
|    169 |   1076 |
|    170 |   1403 |
|    171 |    649 |
|    172 |    610 |
|    173 |    382 |
|    174 |    341 |
|    175 |     85 |
|    176 |    405 |
|    177 |    566 |
|    178 |    959 |
|    179 |    814 |
|    180 |    690 |
|    181 |    101 |
|    182 |    562 |
|    183 |    696 |
|    184 |    816 |
|    185 |     64 |
|    186 |    676 |
|    187 |    114 |
|    188 |   1124 |
|    189 |   1376 |
|    190 |    545 |
|    191 |    302 |
|    192 |    301 |
|    193 |     88 |
|    194 |    766 |
|    195 |   1167 |
|    196 |   1390 |
|    197 |    880 |
|    198 |    724 |
|    199 |    596 |
|    200 |    492 |
|    201 |   1267 |
|    202 |   1282 |
|    203 |    838 |
|    204 |   1303 |
|    205 |    870 |
|    206 |    639 |
|    207 |   1137 |
|    208 |   1044 |
|    209 |   1078 |
|    210 |    519 |
|    211 |    733 |
|    212 |    885 |
|    213 |   1017 |
|    214 |    635 |
|    215 |   1386 |
|    216 |    668 |
|    217 |    728 |
|    218 |   1430 |
|    219 |    766 |
|    220 |   1128 |
|    221 |    395 |
|    222 |    175 |
|    223 |     61 |
|    224 |    470 |
|    225 |    817 |
|    226 |    414 |
|    227 |   1464 |
|    228 |   1376 |
|    229 |   1073 |
|    230 |   1321 |
|    231 |    381 |
|    232 |   1068 |
|    233 |   1458 |
|    234 |   1210 |
|    235 |    738 |
|    236 |    438 |
|    237 |    481 |
|    238 |    276 |
|    239 |   1227 |
|    240 |    590 |
|    241 |   1147 |
|    242 |   1193 |
|    243 |    819 |
|    244 |   1450 |
|    245 |   1058 |
|    246 |   1197 |
|    247 |   1314 |
|    248 |    694 |
|    249 |     83 |
|    250 |   1350 |
|    251 |   1109 |
|    252 |    530 |
|    253 |    126 |
|    254 |    967 |
|    255 |    687 |
|    256 |    648 |
|    257 |    822 |
|    258 |     52 |
|    259 |   1200 |
|    260 |    533 |
|    261 |   1318 |
|    262 |    518 |
|    263 |    972 |
|    264 |    855 |
|    265 |    556 |
|    266 |    544 |
|    267 |   1209 |
|    268 |     68 |
|    269 |    534 |
|    270 |   1353 |
|    271 |    106 |
|    272 |    145 |
|    273 |    669 |
|    274 |    791 |
|    275 |    873 |
|    276 |    489 |
|    277 |    575 |
|    278 |    130 |
|    279 |     65 |
|    280 |   1072 |
|    281 |    799 |
|    282 |   1329 |
|    283 |    242 |
|    284 |    958 |
|    285 |    306 |
|    286 |   1217 |
|    287 |    528 |
|    288 |    444 |
|    289 |    203 |
|    290 |   1166 |
|    291 |    554 |
|    292 |    102 |
|    293 |   1096 |
|    294 |    227 |
|    295 |   1263 |
|    296 |    678 |
|    297 |    720 |
|    298 |    289 |
|    299 |   1016 |
|    300 |   1402 |
|    301 |    609 |
|    302 |   1207 |
|    303 |    418 |
|    304 |    676 |
|    305 |   1369 |
|    306 |    196 |
|    307 |   1454 |
|    308 |    955 |
|    309 |   1030 |
|    310 |    527 |
|    311 |    116 |
|    312 |    422 |
|    313 |    249 |
|    314 |   1058 |
|    315 |    871 |
|    316 |    350 |
|    317 |    361 |
|    318 |    154 |
|    319 |    827 |
|    320 |    762 |
|    321 |    884 |
|    322 |   1187 |
|    323 |    464 |
|    324 |    480 |
|    325 |   1001 |
|    326 |    447 |
|    327 |    192 |
|    328 |   1226 |
|    329 |    235 |
|    330 |    248 |
|    331 |   1108 |
|    332 |    528 |
|    333 |   1401 |
|    334 |    960 |
|    335 |    580 |
|    336 |    171 |
|    337 |   1099 |
|    338 |    513 |
|    339 |   1027 |
|    340 |    686 |
|    341 |    724 |
|    342 |    714 |
|    343 |   1142 |
|    344 |     81 |
|    345 |    480 |
|    346 |    452 |
|    347 |    762 |
|    348 |     68 |
|    349 |    829 |
|    350 |    792 |
|    351 |   1446 |
|    352 |    944 |
|    353 |    917 |
|    354 |    619 |
|    355 |   1198 |
|    356 |   1215 |
|    357 |   1317 |
|    358 |    686 |
|    359 |   1017 |
|    360 |    207 |
|    361 |    635 |
|    362 |    447 |
|    363 |    339 |
|    364 |   1235 |
|    365 |    444 |
|    366 |   1244 |
|    367 |    476 |
|    368 |    754 |
|    369 |    959 |
|    370 |    221 |
|    371 |    239 |
|    372 |    944 |
|    373 |    497 |
|    374 |   1381 |
|    375 |   1434 |
|    376 |   1251 |
|    377 |   1089 |
|    378 |   1073 |
|    379 |   1285 |
|    380 |    631 |
|    381 |    513 |
|    382 |   1381 |
|    383 |    868 |
|    384 |    201 |
|    385 |    178 |
|    386 |    188 |
|    387 |    932 |
|    388 |   1011 |
|    389 |    590 |
|    390 |   1385 |
|    391 |   1341 |
|    392 |    894 |
|    393 |   1008 |
|    394 |   1134 |
|    395 |   1172 |
|    396 |    771 |
|    397 |    659 |
|    398 |    776 |
|    399 |   1460 |
|    400 |    146 |
|    401 |   1025 |
|    402 |    868 |
|    403 |    496 |
|    404 |    722 |
|    405 |    876 |
|    406 |   1300 |
|    407 |    757 |
|    408 |    726 |
|    409 |    651 |
|    410 |    429 |
|    411 |    293 |
|    412 |    287 |
|    413 |    753 |
|    414 |   1106 |
|    415 |    470 |
|    416 |    459 |
|    417 |    368 |
|    418 |    843 |
|    419 |   1450 |
|    420 |    576 |
|    421 |   1328 |
|    422 |   1074 |
|    423 |    237 |
|    424 |    727 |
|    425 |    839 |
|    426 |   1353 |
|    427 |   1125 |
|    428 |   1232 |
|    429 |    380 |
|    430 |    634 |
|    431 |    658 |
|    432 |    204 |
|    433 |    352 |
|    434 |   1380 |
|    435 |   1108 |
|    436 |   1018 |
|    437 |    653 |
|    438 |    179 |
|    439 |    341 |
|    440 |    867 |
|    441 |    991 |
|    442 |    528 |
|    443 |    672 |
|    444 |    710 |
|    445 |   1153 |
|    446 |     87 |
|    447 |    247 |
|    448 |    660 |
|    449 |    742 |
|    450 |    908 |
|    451 |   1016 |
|    452 |   1194 |
|    453 |   1455 |
|    454 |    640 |
|    455 |   1095 |
|    456 |   1287 |
|    457 |   1442 |
|    458 |    375 |
|    459 |   1326 |
|    460 |   1023 |
|    461 |    480 |
|    462 |   1406 |
|    463 |    936 |
|    464 |   1230 |
|    465 |   1241 |
|    466 |    901 |
|    467 |    719 |
|    468 |    556 |
|    469 |   1156 |
|    470 |     86 |
|    471 |   1462 |
|    472 |   1051 |
|    473 |     59 |
|    474 |    749 |
|    475 |    363 |
|    476 |   1305 |
|    477 |   1005 |
|    478 |    803 |
|    479 |    241 |
|    480 |   1039 |
|    481 |    952 |
|    482 |    352 |
|    483 |     77 |
|    484 |    458 |
|    485 |   1432 |
|    486 |    481 |
|    487 |    228 |
|    488 |   1172 |
|    489 |    255 |
|    490 |    539 |
|    491 |    806 |
|    492 |    549 |
|    493 |     96 |
|    494 |    339 |
|    495 |    933 |
|    496 |    542 |
|    497 |    697 |
|    498 |    226 |
|    499 |    154 |
|    500 |     67 |
|    501 |    555 |
|    502 |   1175 |
|    503 |   1168 |
|    504 |    521 |
|    505 |    481 |
|    506 |    695 |
|    507 |    916 |
|    508 |    632 |
|    509 |    714 |
|    510 |    972 |
|    511 |    536 |
|    512 |    272 |
|    513 |   1054 |
|    514 |    791 |
|    515 |   1262 |
|    516 |    810 |
|    517 |   1408 |
|    518 |    507 |
|    519 |   1115 |
|    520 |    272 |
|    521 |    817 |
|    522 |    134 |
|    523 |    782 |
|    524 |    796 |
|    525 |    902 |
|    526 |   1316 |
|    527 |    757 |
|    528 |   1023 |
|    529 |    401 |
|    530 |    370 |
|    531 |    997 |
|    532 |    858 |
|    533 |    978 |
|    534 |    260 |
|    535 |    822 |
|    536 |   1236 |
|    537 |   1010 |
|    538 |    191 |
|    539 |    362 |
|    540 |    677 |
|    541 |    374 |
|    542 |    667 |
|    543 |   1262 |
|    544 |   1174 |
|    545 |     79 |
|    546 |   1217 |
|    547 |    833 |
|    548 |    999 |
|    549 |   1220 |
|    550 |    136 |
|    551 |    157 |
|    552 |   1189 |
|    553 |   1368 |
|    554 |    522 |
|    555 |    375 |
|    556 |    480 |
|    557 |   1410 |
|    558 |    605 |
|    559 |    559 |
|    560 |   1148 |
|    561 |   1008 |
|    562 |   1148 |
|    563 |   1312 |
|    564 |    543 |
|    565 |   1396 |
|    566 |    788 |
|    567 |    412 |
|    568 |    748 |
|    569 |    798 |
|    570 |    710 |
|    571 |    339 |
|    572 |   1158 |
|    573 |   1192 |
|    574 |    899 |
|    575 |   1169 |
|    576 |    731 |
|    577 |    306 |
|    578 |    842 |
|    579 |     83 |
|    580 |    351 |
|    581 |    395 |
|    582 |   1146 |
|    583 |    924 |
|    584 |    699 |
|    585 |    549 |
|    586 |    437 |
|    587 |    890 |
|    588 |    317 |
|    589 |   1247 |
|    590 |   1110 |
|    591 |    537 |
|    592 |    684 |
|    593 |    724 |
|    594 |   1171 |
|    595 |   1345 |
|    596 |    162 |
|    597 |    467 |
|    598 |   1444 |
|    599 |   1390 |
|    600 |    750 |
|    601 |    824 |
|    602 |   1096 |
|    603 |    393 |
|    604 |    944 |
|    605 |   1212 |
|    606 |    765 |
|    607 |    475 |
|    608 |     66 |
|    609 |    143 |
|    610 |    526 |
|    611 |   1061 |
|    612 |    197 |
|    613 |    996 |
|    614 |    552 |
|    615 |   1330 |
|    616 |   1137 |
|    617 |    251 |
|    618 |    260 |
|    619 |    113 |
|    620 |    181 |
|    621 |   1151 |
|    622 |    968 |
|    623 |    930 |
|    624 |    688 |
|    625 |   1008 |
|    626 |    698 |
|    627 |    675 |
|    628 |   1336 |
|    629 |    810 |
|    630 |    423 |
|    631 |    981 |
|    632 |   1375 |
|    633 |   1042 |
|    634 |    418 |
|    635 |    826 |
|    636 |    909 |
|    637 |   1019 |
|    638 |    296 |
|    639 |    869 |
|    640 |    170 |
|    641 |   1248 |
|    642 |   1352 |
|    643 |    876 |
|    644 |   1022 |
|    645 |    500 |
|    646 |    577 |
|    647 |    760 |
|    648 |    435 |
|    649 |   1341 |
|    650 |    596 |
|    651 |    862 |
|    652 |    523 |
|    653 |    127 |
|    654 |    679 |
|    655 |    600 |
|    656 |    661 |
|    657 |    866 |
|    658 |    211 |
|    659 |   1063 |
|    660 |    564 |
|    661 |    460 |
|    662 |   1127 |
|    663 |    729 |
|    664 |   1198 |
|    665 |    383 |
|    666 |    816 |
|    667 |   1271 |
|    668 |   1083 |
|    669 |    884 |
|    670 |    456 |
|    671 |   1234 |
|    672 |    476 |
|    673 |   1404 |
|    674 |    351 |
|    675 |    241 |
|    676 |   1039 |
|    677 |    349 |
|    678 |    107 |
|    679 |     66 |
|    680 |    662 |
|    681 |    814 |
|    682 |    846 |
|    683 |   1013 |
|    684 |    948 |
|    685 |   1138 |
|    686 |    251 |
|    687 |   1302 |
|    688 |   1393 |
|    689 |   1134 |
|    690 |    414 |
|    691 |    752 |
|    692 |    623 |
|    693 |   1413 |
|    694 |    773 |
|    695 |    797 |
|    696 |     88 |
|    697 |   1028 |
|    698 |    379 |
|    699 |    697 |
|    700 |    647 |
|    701 |    766 |
|    702 |    299 |
|    703 |    497 |
|    704 |    283 |
|    705 |    222 |
|    706 |    477 |
|    707 |    627 |
|    708 |    465 |
|    709 |    246 |
|    710 |    385 |
|    711 |    146 |
|    712 |    907 |
|    713 |    337 |
|    714 |    636 |
|    715 |    624 |
|    716 |    214 |
|    717 |   1140 |
|    718 |    627 |
|    719 |    561 |
|    720 |    690 |
|    721 |    196 |
|    722 |    810 |
|    723 |    167 |
|    724 |    595 |
|    725 |   1082 |
|    726 |    358 |
|    727 |   1392 |
|    728 |    625 |
|    729 |   1283 |
|    730 |    268 |
|    731 |    251 |
|    732 |    787 |
|    733 |    316 |
|    734 |   1234 |
|    735 |    480 |
|    736 |    182 |
|    737 |    560 |
|    738 |    629 |
|    739 |   1413 |
|    740 |     98 |
|    741 |   1009 |
|    742 |    741 |
|    743 |    518 |
|    744 |    123 |
|    745 |    555 |
|    746 |   1237 |
|    747 |    508 |
|    748 |    511 |
|    749 |   1050 |
|    750 |    838 |
|    751 |    221 |
|    752 |    503 |
|    753 |   1111 |
|    754 |   1123 |
|    755 |    488 |
|    756 |    142 |
|    757 |    839 |
|    758 |    393 |
|    759 |   1343 |
|    760 |    986 |
|    761 |   1280 |
|    762 |    441 |
|    763 |    413 |
|    764 |    418 |
|    765 |    292 |
|    766 |   1334 |
|    767 |    199 |
|    768 |    629 |
|    769 |   1404 |
|    770 |   1357 |
|    771 |   1309 |
|    772 |   1311 |
|    773 |    293 |
|    774 |   1440 |
|    775 |    744 |
|    776 |   1406 |
|    777 |   1089 |
|    778 |   1294 |
|    779 |    812 |
|    780 |    329 |
|    781 |   1473 |
|    782 |    847 |
|    783 |    745 |
|    784 |   1220 |
|    785 |    217 |
|    786 |   1302 |
|    787 |    806 |
|    788 |    928 |
|    789 |    322 |
|    790 |    898 |
|    791 |    944 |
|    792 |    636 |
|    793 |    130 |
|    794 |   1079 |
|    795 |    996 |
|    796 |    458 |
|    797 |   1146 |
|    798 |   1031 |
|    799 |    141 |
|    800 |    523 |
|    801 |    717 |
|    802 |    583 |
|    803 |   1208 |
|    804 |    361 |
|    805 |   1142 |
|    806 |    831 |
|    807 |    430 |
|    808 |    592 |
|    809 |    535 |
|    810 |   1100 |
|    811 |   1015 |
|    812 |    165 |
|    813 |   1279 |
|    814 |    128 |
|    815 |   1217 |
|    816 |    248 |
|    817 |   1376 |
|    818 |     90 |
|    819 |    965 |
|    820 |    922 |
|    821 |    280 |
|    822 |   1402 |
|    823 |    539 |
|    824 |    332 |
|    825 |    189 |
|    826 |   1162 |
|    827 |   1144 |
|    828 |    981 |
|    829 |    167 |
|    830 |    266 |
|    831 |    836 |
|    832 |     52 |
|    833 |   1135 |
|    834 |    725 |
|    835 |   1334 |
|    836 |   1203 |
|    837 |    587 |
|    838 |   1051 |
|    839 |    653 |
|    840 |    509 |
|    841 |    740 |
|    842 |   1171 |
|    843 |   1352 |
|    844 |   1093 |
|    845 |    450 |
|    846 |    516 |
|    847 |    765 |
|    848 |    560 |
|    849 |    300 |
|    850 |    731 |
|    851 |    145 |
|    852 |     96 |
|    853 |   1153 |
|    854 |    946 |
|    855 |    512 |
|    856 |    699 |
|    857 |   1369 |
|    858 |   1316 |
|    859 |    760 |
|    860 |   1213 |
|    861 |   1454 |
|    862 |   1341 |
|    863 |   1435 |
|    864 |    699 |
|    865 |   1423 |
|    866 |    149 |
|    867 |   1243 |
|    868 |   1251 |
|    869 |   1050 |
|    870 |    893 |
|    871 |   1108 |
|    872 |   1002 |
|    873 |   1102 |
|    874 |    819 |
|    875 |   1390 |
|    876 |    491 |
|    877 |     81 |
|    878 |    505 |
|    879 |   1411 |
|    880 |    721 |
|    881 |    228 |
|    882 |    991 |
|    883 |   1129 |
|    884 |    427 |
|    885 |    219 |
|    886 |    931 |
|    887 |   1295 |
|    888 |    801 |
|    889 |   1129 |
|    890 |    965 |
|    891 |    501 |
|    892 |    960 |
|    893 |    248 |
|    894 |    370 |
|    895 |   1131 |
|    896 |    960 |
|    897 |    743 |
|    898 |    295 |
|    899 |   1249 |
|    900 |   1345 |
|    901 |    364 |
|    902 |     89 |
|    903 |    110 |
|    904 |    357 |
|    905 |   1419 |
|    906 |   1004 |
|    907 |   1455 |
|    908 |    593 |
|    909 |    956 |
|    910 |    951 |
|    911 |    946 |
|    912 |    585 |
|    913 |    524 |
|    914 |    282 |
|    915 |    336 |
|    916 |    194 |
|    917 |    141 |
|    918 |    840 |
|    919 |    511 |
|    920 |    995 |
|    921 |    182 |
|    922 |   1181 |
|    923 |    359 |
|    924 |    606 |
|    925 |   1451 |
|    926 |     98 |
|    927 |    589 |
|    928 |    624 |
|    929 |     87 |
|    930 |   1400 |
|    931 |    997 |
|    932 |     56 |
|    933 |    325 |
|    934 |    729 |
|    935 |    294 |
|    936 |   1001 |
|    937 |    466 |
|    938 |     60 |
|    939 |   1203 |
|    940 |   1359 |
|    941 |    697 |
|    942 |    793 |
|    943 |     59 |
|    944 |   1299 |
|    945 |    954 |
|    946 |   1089 |
|    947 |    638 |
|    948 |   1108 |
|    949 |    424 |
|    950 |   1096 |
|    951 |    106 |
|    952 |     80 |
|    953 |   1065 |
|    954 |    408 |
|    955 |   1080 |
|    956 |   1114 |
|    957 |   1106 |
|    958 |   1359 |
|    959 |    517 |
|    960 |    772 |
|    961 |    843 |
|    962 |   1074 |
|    963 |    891 |
|    964 |    806 |
|    965 |    994 |
|    966 |    138 |
|    967 |     64 |
|    968 |    953 |
|    969 |    267 |
|    970 |    818 |
|    971 |   1048 |
|    972 |    481 |
|    973 |    890 |
|    974 |   1332 |
|    975 |    903 |
|    976 |   1028 |
|    977 |    258 |
|    978 |    423 |
|    979 |   1391 |
|    980 |   1181 |
|    981 |    259 |
|    982 |    204 |
|    983 |    642 |
|    984 |    993 |
|    985 |   1015 |
|    986 |    165 |
|    987 |   1320 |
|    988 |   1177 |
|    989 |    642 |
|    990 |    220 |
|    991 |    245 |
|    992 |    926 |
|    993 |    529 |
|    994 |   1424 |
|    995 |    663 |
|    996 |    473 |
|    997 |    695 |
|    998 |    852 |
|    999 |    718 |
|   1000 |    947 |
|   1001 |    399 |
|   1002 |    632 |
|   1003 |    734 |
|   1004 |    501 |
|   1005 |   1383 |
|   1006 |    527 |
|   1007 |   1405 |
|   1008 |    651 |
|   1009 |    428 |
|   1010 |   1213 |
|   1011 |   1285 |
|   1012 |    430 |
|   1013 |   1376 |
|   1014 |    454 |
|   1015 |   1305 |
|   1016 |    842 |
|   1017 |    522 |
|   1018 |    765 |
|   1019 |    490 |
|   1020 |     65 |
|   1021 |   1175 |
|   1022 |    809 |
|   1023 |    569 |
|   1024 |    472 |
|   1025 |   1336 |
|   1026 |    504 |
|   1027 |    807 |
|   1028 |    789 |
|   1029 |    289 |
|   1030 |    644 |
|   1031 |    750 |
|   1032 |    161 |
|   1033 |    838 |
|   1034 |   1351 |
|   1035 |    766 |
|   1036 |    269 |
|   1037 |    289 |
|   1038 |    124 |
|   1039 |    960 |
|   1040 |    914 |
|   1041 |   1007 |
|   1042 |    913 |
|   1043 |   1189 |
|   1044 |    877 |
|   1045 |    920 |
|   1046 |    798 |
|   1047 |   1321 |
|   1048 |    874 |
|   1049 |    474 |
|   1050 |   1321 |
|   1051 |    184 |
|   1052 |    480 |
|   1053 |    664 |
|   1054 |   1064 |
|   1055 |    907 |
|   1056 |     91 |
|   1057 |    159 |
|   1058 |    867 |
|   1059 |   1145 |
|   1060 |   1215 |
|   1061 |    326 |
|   1062 |   1067 |
|   1063 |    123 |
|   1064 |    488 |
|   1065 |    538 |
|   1066 |    776 |
|   1067 |    977 |
|   1068 |    636 |
|   1069 |   1106 |
|   1070 |   1378 |
|   1071 |    432 |
|   1072 |   1006 |
|   1073 |    514 |
|   1074 |     50 |
|   1075 |   1305 |
|   1076 |    846 |
|   1077 |   1421 |
|   1078 |   1123 |
|   1079 |   1389 |
|   1080 |    777 |
|   1081 |    738 |
|   1082 |   1169 |
|   1083 |   1328 |
|   1084 |   1424 |
|   1085 |   1026 |
|   1086 |   1283 |
|   1087 |    720 |
|   1088 |    329 |
|   1089 |   1414 |
|   1090 |   1013 |
|   1091 |    833 |
|   1092 |    364 |
|   1093 |   1044 |
|   1094 |    340 |
|   1095 |    270 |
|   1096 |    835 |
|   1097 |    275 |
|   1098 |   1203 |
|   1099 |    535 |
|   1100 |    183 |
|   1101 |   1325 |
|   1102 |    782 |
|   1103 |    730 |
|   1104 |   1404 |
|   1105 |    716 |
|   1106 |    798 |
|   1107 |   1167 |
|   1108 |    666 |
|   1109 |    825 |
|   1110 |    824 |
|   1111 |    825 |
|   1112 |    106 |
|   1113 |    155 |
|   1114 |   1290 |
|   1115 |   1329 |
|   1116 |   1055 |
|   1117 |   1019 |
|   1118 |   1274 |
|   1119 |    940 |
|   1120 |    172 |
|   1121 |   1373 |
|   1122 |   1091 |
|   1123 |   1209 |
|   1124 |    280 |
|   1125 |    946 |
|   1126 |    463 |
|   1127 |   1240 |
|   1128 |   1405 |
|   1129 |   1230 |
|   1130 |    876 |
|   1131 |    788 |
|   1132 |    919 |
|   1133 |    972 |
|   1134 |   1459 |
|   1135 |   1384 |
|   1136 |   1029 |
|   1137 |    934 |
|   1138 |   1278 |
|   1139 |   1067 |
|   1140 |   1244 |
|   1141 |   1039 |
|   1142 |    233 |
|   1143 |    416 |
|   1144 |   1132 |
|   1145 |    816 |
|   1146 |   1466 |
|   1147 |   1203 |
|   1148 |    962 |
|   1149 |    515 |
|   1150 |    357 |
|   1151 |   1118 |
|   1152 |   1325 |
|   1153 |    979 |
|   1154 |   1470 |
|   1155 |     94 |
|   1156 |    734 |
|   1157 |   1070 |
|   1158 |     98 |
|   1159 |    283 |
|   1160 |    840 |
|   1161 |    706 |
|   1162 |   1111 |
|   1163 |    993 |
|   1164 |   1160 |
|   1165 |   1186 |
|   1166 |    346 |
|   1167 |    540 |
|   1168 |     94 |
|   1169 |    888 |
|   1170 |   1259 |
|   1171 |    628 |
|   1172 |   1217 |
|   1173 |    810 |
|   1174 |    617 |
|   1175 |    993 |
|   1176 |    294 |
|   1177 |    939 |
|   1178 |    276 |
|   1179 |   1296 |
|   1180 |    458 |
|   1181 |    497 |
|   1182 |    210 |
|   1183 |    850 |
|   1184 |   1083 |
|   1185 |    155 |
|   1186 |   1319 |
|   1187 |    337 |
|   1188 |    654 |
|   1189 |    721 |
|   1190 |    267 |
|   1191 |    387 |
|   1192 |    498 |
|   1193 |    685 |
|   1194 |    599 |
|   1195 |   1161 |
|   1196 |   1221 |
|   1197 |   1372 |
|   1198 |   1015 |
|   1199 |    667 |
|   1200 |    102 |
|   1201 |    701 |
|   1202 |    735 |
|   1203 |    229 |
|   1204 |   1227 |
|   1205 |   1424 |
|   1206 |   1327 |
|   1207 |    582 |
|   1208 |   1021 |
|   1209 |    568 |
|   1210 |    793 |
|   1211 |   1287 |
|   1212 |    864 |
|   1213 |    214 |
|   1214 |    595 |
|   1215 |   1199 |
|   1216 |    881 |
|   1217 |    646 |
|   1218 |   1454 |
|   1219 |   1273 |
|   1220 |    969 |
|   1221 |    315 |
|   1222 |     77 |
|   1223 |    314 |
|   1224 |    179 |
|   1225 |    698 |
|   1226 |   1100 |
|   1227 |    638 |
|   1228 |    576 |
|   1229 |    620 |
|   1230 |    847 |
|   1231 |   1427 |
|   1232 |    997 |
|   1233 |    894 |
|   1234 |   1343 |
|   1235 |   1009 |
|   1236 |   1066 |
|   1237 |   1003 |
|   1238 |   1226 |
|   1239 |    103 |
|   1240 |    908 |
|   1241 |    146 |
|   1242 |    618 |
|   1243 |    187 |
|   1244 |   1228 |
|   1245 |   1450 |
|   1246 |    788 |
|   1247 |    426 |
|   1248 |    599 |
|   1249 |    326 |
|   1250 |     64 |
|   1251 |    144 |
|   1252 |    337 |
|   1253 |   1380 |
|   1254 |    994 |
|   1255 |    293 |
|   1256 |    974 |
|   1257 |    677 |
|   1258 |    327 |
|   1259 |    951 |
|   1260 |    699 |
|   1261 |    561 |
|   1262 |   1008 |
|   1263 |   1102 |
|   1264 |   1165 |
|   1265 |    965 |
|   1266 |    673 |
|   1267 |    587 |
|   1268 |   1109 |
|   1269 |    208 |
|   1270 |    111 |
|   1271 |    520 |
|   1272 |    268 |
|   1273 |    520 |
|   1274 |    420 |
|   1275 |    614 |
|   1276 |   1178 |
|   1277 |   1405 |
|   1278 |    998 |
|   1279 |   1109 |
|   1280 |   1404 |
|   1281 |    317 |
|   1282 |   1258 |
|   1283 |    646 |
|   1284 |    847 |
|   1285 |    861 |
|   1286 |   1146 |
|   1287 |    600 |
|   1288 |    991 |
|   1289 |    955 |
|   1290 |    484 |
|   1291 |    109 |
|   1292 |    794 |
|   1293 |   1088 |
|   1294 |    750 |
|   1295 |    867 |
|   1296 |    284 |
|   1297 |    813 |
|   1298 |    808 |
|   1299 |    188 |
|   1300 |    882 |
|   1301 |    814 |
|   1302 |    139 |
|   1303 |   1419 |
|   1304 |    704 |
|   1305 |     84 |
|   1306 |   1095 |
|   1307 |    243 |
|   1308 |    919 |
|   1309 |   1241 |
|   1310 |    943 |
|   1311 |    173 |
|   1312 |     59 |
|   1313 |    720 |
|   1314 |    821 |
|   1315 |    109 |
|   1316 |    890 |
|   1317 |   1088 |
|   1318 |   1022 |
|   1319 |    127 |
|   1320 |   1055 |
|   1321 |    841 |
|   1322 |   1153 |
|   1323 |   1153 |
|   1324 |    645 |
|   1325 |    358 |
|   1326 |    260 |
|   1327 |    520 |
|   1328 |    748 |
|   1329 |    737 |
|   1330 |   1206 |
|   1331 |    372 |
|   1332 |    492 |
|   1333 |   1435 |
|   1334 |    128 |
|   1335 |   1002 |
|   1336 |    835 |
|   1337 |    486 |
|   1338 |    907 |
|   1339 |    355 |
|   1340 |   1238 |
|   1341 |    385 |
|   1342 |   1278 |
|   1343 |    285 |
|   1344 |    314 |
|   1345 |    608 |
|   1346 |    461 |
|   1347 |    896 |
|   1348 |    861 |
|   1349 |   1231 |
|   1350 |    617 |
|   1351 |    664 |
|   1352 |    431 |
|   1353 |   1469 |
|   1354 |    711 |
|   1355 |    756 |
|   1356 |    615 |
|   1357 |    489 |
|   1358 |    660 |
|   1359 |   1324 |
|   1360 |    542 |
|   1361 |   1438 |
|   1362 |    123 |
|   1363 |   1028 |
|   1364 |    624 |
|   1365 |    371 |
|   1366 |   1254 |
|   1367 |    368 |
|   1368 |    574 |
|   1369 |    923 |
|   1370 |   1197 |
|   1371 |    141 |
|   1372 |    648 |
|   1373 |    799 |
|   1374 |    742 |
|   1375 |   1307 |
|   1376 |     89 |
|   1377 |    883 |
|   1378 |    679 |
|   1379 |    426 |
|   1380 |    311 |
|   1381 |    149 |
|   1382 |    865 |
|   1383 |   1194 |
|   1384 |   1100 |
|   1385 |    100 |
|   1386 |    609 |
|   1387 |    622 |
|   1388 |    218 |
|   1389 |    441 |
|   1390 |   1157 |
|   1391 |    315 |
|   1392 |    368 |
|   1393 |   1167 |
|   1394 |    312 |
|   1395 |   1380 |
|   1396 |   1116 |
|   1397 |   1311 |
|   1398 |   1357 |
|   1399 |    660 |
|   1400 |   1122 |
|   1401 |    992 |
|   1402 |    677 |
|   1403 |    971 |
|   1404 |   1092 |
|   1405 |   1286 |
|   1406 |    436 |
|   1407 |    298 |
|   1408 |   1444 |
|   1409 |   1421 |
|   1410 |    780 |
|   1411 |   1149 |
|   1412 |    792 |
|   1413 |    662 |
|   1414 |    783 |
|   1415 |    744 |
|   1416 |    637 |
|   1417 |     94 |
|   1418 |   1095 |
|   1419 |    365 |
|   1420 |    976 |
|   1421 |    284 |
|   1422 |    468 |
|   1423 |    272 |
|   1424 |    793 |
|   1425 |   1426 |
|   1426 |    472 |
|   1427 |   1406 |
|   1428 |    961 |
|   1429 |    509 |
|   1430 |    635 |
|   1431 |    216 |
|   1432 |    700 |
|   1433 |    694 |
|   1434 |   1129 |
|   1435 |    698 |
|   1436 |    817 |
|   1437 |    336 |
|   1438 |    969 |
|   1439 |     57 |
|   1440 |    604 |
|   1441 |   1075 |
|   1442 |    286 |
|   1443 |    574 |
|   1444 |    163 |
|   1445 |   1003 |
|   1446 |    325 |
|   1447 |   1236 |
|   1448 |    756 |
|   1449 |    939 |
|   1450 |   1214 |
|   1451 |    352 |
|   1452 |    711 |
|   1453 |   1204 |
|   1454 |   1095 |
|   1455 |   1169 |
|   1456 |    829 |
|   1457 |   1267 |
|   1458 |    953 |
|   1459 |    419 |
|   1460 |   1157 |
|   1461 |   1030 |
|   1462 |    219 |
|   1463 |    267 |
|   1464 |    241 |
|   1465 |    427 |
|   1466 |    287 |
|   1467 |    782 |
|   1468 |     75 |
|   1469 |    404 |
|   1470 |   1036 |
|   1471 |    582 |
|   1472 |    788 |
|   1473 |    522 |
|   1474 |    370 |
|   1475 |   1240 |
|   1476 |   1133 |
|   1477 |    523 |
|   1478 |    380 |
|   1479 |    363 |
|   1480 |    188 |
|   1481 |   1096 |
|   1482 |    236 |
|   1483 |    286 |
|   1484 |    677 |
|   1485 |   1222 |
|   1486 |    777 |
|   1487 |    175 |
|   1488 |    774 |
|   1489 |    144 |
|   1490 |    900 |
|   1491 |   1335 |
|   1492 |    429 |
|   1493 |   1354 |
|   1494 |    753 |
|   1495 |    664 |
|   1496 |    549 |
|   1497 |    992 |
|   1498 |    380 |
|   1499 |    591 |
|   1500 |   1119 |
|   1501 |    780 |
|   1502 |    268 |
|   1503 |    489 |
|   1504 |    804 |
|   1505 |    841 |
|   1506 |   1002 |
|   1507 |    744 |
|   1508 |   1293 |
|   1509 |   1105 |
|   1510 |   1344 |
|   1511 |    135 |
|   1512 |    381 |
|   1513 |    856 |
|   1514 |    500 |
|   1515 |    624 |
|   1516 |   1281 |
|   1517 |    900 |
|   1518 |   1036 |
|   1519 |    202 |
|   1520 |    797 |
|   1521 |    761 |
|   1522 |   1107 |
|   1523 |    708 |
|   1524 |    931 |
|   1525 |   1074 |
|   1526 |    967 |
|   1527 |   1304 |
|   1528 |    867 |
|   1529 |    741 |
|   1530 |   1010 |
|   1531 |    249 |
|   1532 |   1083 |
|   1533 |    446 |
|   1534 |    655 |
|   1535 |   1287 |
|   1536 |    754 |
|   1537 |    662 |
|   1538 |    948 |
|   1539 |    291 |
|   1540 |    237 |
|   1541 |     50 |
|   1542 |    277 |
|   1543 |   1182 |
|   1544 |   1224 |
|   1545 |    905 |
|   1546 |    295 |
|   1547 |   1157 |
|   1548 |    658 |
|   1549 |    489 |
|   1550 |     54 |
|   1551 |   1358 |
|   1552 |    932 |
|   1553 |    524 |
|   1554 |   1164 |
|   1555 |    118 |
|   1556 |   1122 |
|   1557 |    896 |
|   1558 |    523 |
|   1559 |    702 |
|   1560 |    304 |
|   1561 |   1275 |
|   1562 |    579 |
|   1563 |    636 |
|   1564 |    531 |
|   1565 |    920 |
|   1566 |    846 |
|   1567 |    257 |
|   1568 |    603 |
|   1569 |    440 |
|   1570 |    625 |
|   1571 |    417 |
|   1572 |    989 |
|   1573 |   1469 |
|   1574 |    872 |
|   1575 |   1332 |
|   1576 |   1047 |
|   1577 |    911 |
|   1578 |    983 |
|   1579 |   1007 |
|   1580 |    372 |
|   1581 |   1349 |
|   1582 |   1226 |
|   1583 |    945 |
|   1584 |   1078 |
|   1585 |     87 |
|   1586 |    887 |
|   1587 |    481 |
|   1588 |   1464 |
|   1589 |   1212 |
|   1590 |   1444 |
|   1591 |    269 |
|   1592 |    686 |
|   1593 |    323 |
|   1594 |    557 |
|   1595 |    542 |
|   1596 |    602 |
|   1597 |    560 |
|   1598 |    429 |
|   1599 |    422 |
|   1600 |    187 |
|   1601 |   1032 |
|   1602 |    670 |
|   1603 |    989 |
|   1604 |   1449 |
|   1605 |    615 |
|   1606 |    634 |
|   1607 |   1302 |
|   1608 |    898 |
|   1609 |    938 |
|   1610 |   1299 |
|   1611 |     54 |
|   1612 |   1142 |
|   1613 |    258 |
|   1614 |    329 |
|   1615 |    585 |
|   1616 |   1003 |
|   1617 |    507 |
|   1618 |    311 |
|   1619 |    618 |
|   1620 |    148 |
|   1621 |    682 |
|   1622 |    992 |
|   1623 |   1457 |
|   1624 |    856 |
|   1625 |    288 |
|   1626 |   1215 |
|   1627 |    936 |
|   1628 |    169 |
|   1629 |    259 |
|   1630 |   1348 |
|   1631 |    577 |
|   1632 |    628 |
|   1633 |    844 |
|   1634 |    518 |
|   1635 |   1208 |
|   1636 |     99 |
|   1637 |    975 |
|   1638 |    851 |
|   1639 |    433 |
|   1640 |    264 |
|   1641 |   1453 |
|   1642 |    198 |
|   1643 |    357 |
|   1644 |   1416 |
|   1645 |    804 |
|   1646 |   1202 |
|   1647 |    519 |
|   1648 |    339 |
|   1649 |    393 |
|   1650 |   1121 |
|   1651 |    108 |
|   1652 |    220 |
|   1653 |    500 |
|   1654 |    208 |
|   1655 |     69 |
|   1656 |    949 |
|   1657 |   1124 |
|   1658 |    198 |
|   1659 |    696 |
|   1660 |    105 |
|   1661 |    601 |
|   1662 |    784 |
|   1663 |    984 |
|   1664 |     69 |
|   1665 |    110 |
|   1666 |   1252 |
|   1667 |   1032 |
|   1668 |    272 |
|   1669 |   1452 |
|   1670 |    897 |
|   1671 |    959 |
|   1672 |   1349 |
|   1673 |    473 |
|   1674 |   1134 |
|   1675 |    462 |
|   1676 |    219 |
|   1677 |    565 |
|   1678 |     68 |
|   1679 |   1032 |
|   1680 |   1435 |
|   1681 |    177 |
|   1682 |    948 |
|   1683 |    711 |
|   1684 |   1029 |
|   1685 |    127 |
|   1686 |   1072 |
|   1687 |    495 |
|   1688 |    963 |
|   1689 |    337 |
|   1690 |   1069 |
|   1691 |    881 |
|   1692 |    437 |
|   1693 |    434 |
|   1694 |   1130 |
|   1695 |    527 |
|   1696 |    791 |
|   1697 |    887 |
|   1698 |   1328 |
|   1699 |   1174 |
|   1700 |    184 |
|   1701 |    638 |
|   1702 |   1082 |
|   1703 |    882 |
|   1704 |    527 |
|   1705 |    691 |
|   1706 |    661 |
|   1707 |   1092 |
|   1708 |   1432 |
|   1709 |   1083 |
|   1710 |   1210 |
|   1711 |   1029 |
|   1712 |    807 |
|   1713 |    692 |
|   1714 |    497 |
|   1715 |    670 |
|   1716 |   1077 |
|   1717 |    133 |
|   1718 |    799 |
|   1719 |     50 |
|   1720 |    767 |
|   1721 |    108 |
|   1722 |    493 |
|   1723 |    458 |
|   1724 |    350 |
|   1725 |   1142 |
|   1726 |   1435 |
|   1727 |    983 |
|   1728 |    670 |
|   1729 |   1360 |
|   1730 |    849 |
|   1731 |    256 |
|   1732 |     51 |
|   1733 |   1085 |
|   1734 |   1225 |
|   1735 |   1100 |
|   1736 |   1157 |
|   1737 |    927 |
|   1738 |   1251 |
|   1739 |    882 |
|   1740 |    963 |
|   1741 |    736 |
|   1742 |   1299 |
|   1743 |    886 |
|   1744 |    538 |
|   1745 |    324 |
|   1746 |    695 |
|   1747 |    411 |
|   1748 |    872 |
|   1749 |    780 |
|   1750 |    389 |
|   1751 |    367 |
|   1752 |     93 |
|   1753 |    168 |
|   1754 |   1055 |
|   1755 |    574 |
|   1756 |   1027 |
|   1757 |    948 |
|   1758 |    263 |
|   1759 |   1325 |
|   1760 |    295 |
|   1761 |    115 |
|   1762 |    141 |
|   1763 |    506 |
|   1764 |    669 |
|   1765 |    761 |
|   1766 |    655 |
|   1767 |   1132 |
|   1768 |    771 |
|   1769 |    399 |
|   1770 |   1329 |
|   1771 |    644 |
|   1772 |   1002 |
|   1773 |    441 |
|   1774 |    787 |
|   1775 |   1021 |
|   1776 |   1151 |
|   1777 |    708 |
|   1778 |   1267 |
|   1779 |   1115 |
|   1780 |     75 |
|   1781 |    591 |
|   1782 |    350 |
|   1783 |    272 |
|   1784 |   1391 |
|   1785 |    650 |
|   1786 |   1288 |
|   1787 |    287 |
|   1788 |   1385 |
|   1789 |    615 |
|   1790 |   1382 |
|   1791 |    568 |
|   1792 |    124 |
|   1793 |    411 |
|   1794 |   1178 |
|   1795 |    634 |
|   1796 |    564 |
|   1797 |    171 |
|   1798 |   1063 |
|   1799 |    540 |
|   1800 |   1037 |
|   1801 |    154 |
|   1802 |    963 |
|   1803 |    526 |
|   1804 |   1463 |
|   1805 |    804 |
|   1806 |   1064 |
|   1807 |    473 |
|   1808 |    187 |
|   1809 |   1030 |
|   1810 |    736 |
|   1811 |    445 |
|   1812 |    349 |
|   1813 |    629 |
|   1814 |    703 |
|   1815 |     62 |
|   1816 |   1276 |
|   1817 |    663 |
|   1818 |   1375 |
|   1819 |    831 |
|   1820 |    916 |
|   1821 |    591 |
|   1822 |    952 |
|   1823 |    623 |
|   1824 |    478 |
|   1825 |    211 |
|   1826 |    457 |
|   1827 |    108 |
|   1828 |    265 |
|   1829 |    935 |
|   1830 |    798 |
|   1831 |    353 |
|   1832 |    642 |
|   1833 |    213 |
|   1834 |    446 |
|   1835 |   1431 |
|   1836 |   1419 |
|   1837 |    695 |
|   1838 |    179 |
|   1839 |   1175 |
|   1840 |    750 |
|   1841 |    878 |
|   1842 |    695 |
|   1843 |   1098 |
|   1844 |   1089 |
|   1845 |    219 |
|   1846 |    977 |
|   1847 |     79 |
|   1848 |    507 |
|   1849 |   1140 |
|   1850 |    295 |
|   1851 |   1354 |
|   1852 |   1120 |
|   1853 |   1015 |
|   1854 |    339 |
|   1855 |    597 |
|   1856 |    124 |
|   1857 |    727 |
|   1858 |    395 |
|   1859 |    577 |
|   1860 |    879 |
|   1861 |     84 |
|   1862 |    570 |
|   1863 |    225 |
|   1864 |    990 |
|   1865 |    997 |
|   1866 |    294 |
|   1867 |    744 |
|   1868 |    519 |
|   1869 |     96 |
|   1870 |   1392 |
|   1871 |    831 |
|   1872 |    115 |
|   1873 |    239 |
|   1874 |    115 |
|   1875 |    827 |
|   1876 |    843 |
|   1877 |   1225 |
|   1878 |    213 |
|   1879 |    709 |
|   1880 |   1132 |
|   1881 |    566 |
|   1882 |     98 |
|   1883 |    330 |
|   1884 |   1221 |
|   1885 |    289 |
|   1886 |    419 |
|   1887 |   1064 |
|   1888 |    541 |
|   1889 |    723 |
|   1890 |    785 |
|   1891 |    172 |
|   1892 |   1245 |
|   1893 |   1464 |
|   1894 |    600 |
|   1895 |   1275 |
|   1896 |    500 |
|   1897 |    479 |
|   1898 |   1244 |
|   1899 |    884 |
|   1900 |    416 |
|   1901 |    101 |
|   1902 |    347 |
|   1903 |   1462 |
|   1904 |   1120 |
|   1905 |    927 |
|   1906 |   1033 |
|   1907 |    991 |
|   1908 |    161 |
|   1909 |    923 |
|   1910 |   1237 |
|   1911 |    956 |
|   1912 |    790 |
|   1913 |    678 |
|   1914 |    208 |
|   1915 |   1269 |
|   1916 |   1027 |
|   1917 |    777 |
|   1918 |    155 |
|   1919 |   1218 |
|   1920 |    228 |
|   1921 |    786 |
|   1922 |    216 |
|   1923 |    633 |
|   1924 |    777 |
|   1925 |     59 |
|   1926 |    618 |
|   1927 |    393 |
|   1928 |    307 |
|   1929 |   1308 |
|   1930 |   1406 |
|   1931 |    749 |
|   1932 |    493 |
|   1933 |     70 |
|   1934 |    750 |
|   1935 |    861 |
|   1936 |    772 |
|   1937 |    881 |
|   1938 |   1440 |
|   1939 |    857 |
|   1940 |    174 |
|   1941 |    555 |
|   1942 |    683 |
|   1943 |   1296 |
|   1944 |   1265 |
|   1945 |    760 |
|   1946 |    274 |
|   1947 |   1311 |
|   1948 |    921 |
|   1949 |    257 |
|   1950 |    870 |
|   1951 |    300 |
|   1952 |    398 |
|   1953 |    483 |
|   1954 |    349 |
|   1955 |    179 |
|   1956 |    896 |
|   1957 |    514 |
|   1958 |   1289 |
|   1959 |    214 |
|   1960 |   1415 |
|   1961 |    834 |
|   1962 |    541 |
|   1963 |   1422 |
|   1964 |    712 |
|   1965 |    475 |
|   1966 |    114 |
|   1967 |   1139 |
|   1968 |    217 |
|   1969 |   1291 |
|   1970 |    970 |
|   1971 |    451 |
|   1972 |   1165 |
|   1973 |   1047 |
|   1974 |    397 |
|   1975 |    823 |
|   1976 |   1353 |
|   1977 |    502 |
|   1978 |    164 |
|   1979 |   1203 |
|   1980 |    442 |
|   1981 |    470 |
|   1982 |    545 |
|   1983 |    442 |
|   1984 |    706 |
|   1985 |   1203 |
|   1986 |    220 |
|   1987 |    637 |
|   1988 |    751 |
|   1989 |   1466 |
|   1990 |   1365 |
|   1991 |    568 |
|   1992 |    417 |
|   1993 |   1080 |
|   1994 |     52 |
|   1995 |    466 |
|   1996 |    187 |
|   1997 |     52 |
|   1998 |   1166 |
|   1999 |    176 |
|   2000 |    468 |
|   2001 |    899 |
|   2002 |    907 |
|   2003 |    551 |
|   2004 |   1150 |
|   2005 |    169 |
|   2006 |    310 |
|   2007 |    102 |
|   2008 |   1144 |
|   2009 |   1415 |
|   2010 |   1395 |
|   2011 |   1027 |
|   2012 |   1131 |
|   2013 |   1420 |
|   2014 |    949 |
|   2015 |    973 |
|   2016 |    675 |
|   2017 |    463 |
|   2018 |    511 |
|   2019 |    319 |
|   2020 |     68 |
|   2021 |   1237 |
|   2022 |    531 |
|   2023 |   1327 |
|   2024 |    897 |
|   2025 |    200 |
|   2026 |    143 |
|   2027 |    476 |
|   2028 |   1463 |
|   2029 |     74 |
|   2030 |    440 |
|   2031 |    174 |
|   2032 |    980 |
|   2033 |    271 |
|   2034 |   1332 |
|   2035 |   1272 |
|   2036 |    144 |
|   2037 |   1074 |
|   2038 |   1288 |
|   2039 |   1164 |
|   2040 |    594 |
|   2041 |   1139 |
|   2042 |   1432 |
|   2043 |    192 |
|   2044 |    835 |
|   2045 |   1376 |
|   2046 |    510 |
|   2047 |   1266 |
|   2048 |   1117 |
|   2049 |    456 |
|   2050 |    701 |
|   2051 |   1139 |
|   2052 |    579 |
|   2053 |    691 |
|   2054 |    832 |
|   2055 |    986 |
|   2056 |    608 |
|   2057 |   1017 |
|   2058 |   1241 |
|   2059 |    531 |
|   2060 |    538 |
|   2061 |     77 |
|   2062 |   1107 |
|   2063 |    527 |
|   2064 |   1076 |
|   2065 |    374 |
|   2066 |   1124 |
|   2067 |    634 |
|   2068 |    168 |
|   2069 |    905 |
|   2070 |    857 |
|   2071 |    390 |
|   2072 |    950 |
|   2073 |    563 |
|   2074 |    814 |
|   2075 |    293 |
|   2076 |    830 |
|   2077 |   1144 |
|   2078 |   1439 |
|   2079 |    738 |
|   2080 |   1286 |
|   2081 |    923 |
|   2082 |    493 |
|   2083 |     73 |
|   2084 |    321 |
|   2085 |    376 |
|   2086 |    976 |
|   2087 |    932 |
|   2088 |   1443 |
|   2089 |   1062 |
|   2090 |   1144 |
|   2091 |    465 |
|   2092 |   1114 |
|   2093 |    713 |
|   2094 |    148 |
|   2095 |    675 |
|   2096 |   1366 |
|   2097 |   1152 |
|   2098 |    809 |
|   2099 |    264 |
|   2100 |    972 |
|   2101 |    770 |
|   2102 |    328 |
|   2103 |   1325 |
|   2104 |    477 |
|   2105 |    977 |
|   2106 |    299 |
|   2107 |    831 |
|   2108 |    119 |
|   2109 |   1218 |
|   2110 |   1186 |
|   2111 |    275 |
|   2112 |    304 |
|   2113 |    584 |
|   2114 |   1238 |
|   2115 |    550 |
|   2116 |    756 |
|   2117 |    531 |
|   2118 |    603 |
|   2119 |   1172 |
|   2120 |    885 |
|   2121 |   1111 |
|   2122 |    724 |
|   2123 |    869 |
|   2124 |    347 |
|   2125 |    894 |
|   2126 |   1177 |
|   2127 |    102 |
|   2128 |    906 |
|   2129 |     99 |
|   2130 |   1136 |
|   2131 |   1121 |
|   2132 |   1460 |
|   2133 |   1464 |
|   2134 |    523 |
|   2135 |    438 |
|   2136 |    153 |
|   2137 |   1223 |
|   2138 |    871 |
|   2139 |    638 |
|   2140 |   1134 |
|   2141 |    356 |
|   2142 |    984 |
|   2143 |    809 |
|   2144 |   1432 |
|   2145 |   1408 |
|   2146 |    233 |
|   2147 |   1058 |
|   2148 |   1079 |
|   2149 |   1082 |
|   2150 |    291 |
|   2151 |    334 |
|   2152 |    561 |
|   2153 |    919 |
|   2154 |   1076 |
|   2155 |    244 |
|   2156 |    247 |
|   2157 |    648 |
|   2158 |    197 |
|   2159 |   1185 |
|   2160 |   1466 |
|   2161 |    810 |
|   2162 |    227 |
|   2163 |    646 |
|   2164 |   1115 |
|   2165 |    620 |
|   2166 |    348 |
|   2167 |   1364 |
|   2168 |    825 |
|   2169 |    543 |
|   2170 |    886 |
|   2171 |    730 |
|   2172 |   1188 |
|   2173 |   1278 |
|   2174 |    152 |
|   2175 |    466 |
|   2176 |    675 |
|   2177 |     65 |
|   2178 |    698 |
|   2179 |    841 |
|   2180 |   1061 |
|   2181 |    221 |
|   2182 |    124 |
|   2183 |   1362 |
|   2184 |    538 |
|   2185 |    641 |
|   2186 |    665 |
|   2187 |    694 |
|   2188 |    551 |
|   2189 |   1114 |
|   2190 |   1267 |
|   2191 |    650 |
|   2192 |    408 |
|   2193 |    155 |
|   2194 |    701 |
|   2195 |   1312 |
|   2196 |   1423 |
|   2197 |   1258 |
|   2198 |   1069 |
|   2199 |    660 |
|   2200 |    356 |
|   2201 |   1428 |
|   2202 |    346 |
|   2203 |   1452 |
|   2204 |   1021 |
|   2205 |    694 |
|   2206 |    367 |
|   2207 |    267 |
|   2208 |   1027 |
|   2209 |    752 |
|   2210 |    377 |
|   2211 |   1327 |
|   2212 |   1053 |
|   2213 |     98 |
|   2214 |   1126 |
|   2215 |    125 |
|   2216 |    748 |
|   2217 |    831 |
|   2218 |   1032 |
|   2219 |    807 |
|   2220 |    154 |
|   2221 |    272 |
|   2222 |    835 |
|   2223 |    963 |
|   2224 |    659 |
|   2225 |   1106 |
|   2226 |   1125 |
|   2227 |    650 |
|   2228 |    175 |
|   2229 |    390 |
|   2230 |    615 |
|   2231 |    627 |
|   2232 |    751 |
|   2233 |   1074 |
|   2234 |    902 |
|   2235 |   1060 |
|   2236 |    529 |
|   2237 |    702 |
|   2238 |   1394 |
|   2239 |   1275 |
|   2240 |   1075 |
|   2241 |    940 |
|   2242 |     86 |
|   2243 |    425 |
|   2244 |    561 |
|   2245 |   1132 |
|   2246 |    979 |
|   2247 |   1081 |
|   2248 |    993 |
|   2249 |   1022 |
|   2250 |   1088 |
|   2251 |   1354 |
|   2252 |   1377 |
|   2253 |     61 |
|   2254 |    557 |
|   2255 |    362 |
|   2256 |    740 |
|   2257 |   1335 |
|   2258 |    290 |
|   2259 |   1222 |
|   2260 |   1439 |
|   2261 |    413 |
|   2262 |    696 |
|   2263 |    759 |
|   2264 |   1029 |
|   2265 |   1349 |
|   2266 |    153 |
|   2267 |   1413 |
|   2268 |    184 |
|   2269 |    236 |
|   2270 |   1082 |
|   2271 |    326 |
|   2272 |    697 |
|   2273 |   1352 |
|   2274 |    863 |
|   2275 |   1074 |
|   2276 |   1093 |
|   2277 |    576 |
|   2278 |   1149 |
|   2279 |    186 |
|   2280 |    938 |
|   2281 |   1146 |
|   2282 |   1394 |
|   2283 |   1011 |
|   2284 |   1419 |
|   2285 |    689 |
|   2286 |    174 |
|   2287 |   1402 |
|   2288 |    462 |
|   2289 |    341 |
|   2290 |     56 |
|   2291 |    647 |
|   2292 |   1315 |
|   2293 |    563 |
|   2294 |   1110 |
|   2295 |    597 |
|   2296 |     79 |
|   2297 |    247 |
|   2298 |    195 |
|   2299 |    856 |
|   2300 |   1038 |
|   2301 |    772 |
|   2302 |   1064 |
|   2303 |   1423 |
|   2304 |   1061 |
|   2305 |    261 |
|   2306 |   1119 |
|   2307 |   1274 |
|   2308 |    462 |
|   2309 |   1074 |
|   2310 |   1188 |
|   2311 |    564 |
|   2312 |    117 |
|   2313 |    111 |
|   2314 |   1306 |
|   2315 |    637 |
|   2316 |    911 |
|   2317 |    621 |
|   2318 |    362 |
|   2319 |    986 |
|   2320 |    927 |
|   2321 |    870 |
|   2322 |   1084 |
|   2323 |    152 |
|   2324 |    755 |
|   2325 |   1190 |
|   2326 |   1164 |
|   2327 |   1150 |
|   2328 |    928 |
|   2329 |    441 |
|   2330 |    496 |
|   2331 |   1337 |
|   2332 |    449 |
|   2333 |    621 |
|   2334 |   1060 |
|   2335 |     66 |
|   2336 |    355 |
|   2337 |    616 |
|   2338 |    913 |
|   2339 |   1203 |
|   2340 |   1335 |
|   2341 |    683 |
|   2342 |    160 |
|   2343 |   1109 |
|   2344 |    778 |
|   2345 |     75 |
|   2346 |    405 |
|   2347 |    424 |
|   2348 |   1061 |
|   2349 |    866 |
|   2350 |   1309 |
|   2351 |    334 |
|   2352 |    255 |
|   2353 |    375 |
|   2354 |   1407 |
|   2355 |    295 |
|   2356 |   1289 |
|   2357 |    907 |
|   2358 |   1101 |
|   2359 |    621 |
|   2360 |    772 |
|   2361 |    726 |
|   2362 |    748 |
|   2363 |   1289 |
|   2364 |    626 |
|   2365 |    634 |
|   2366 |    300 |
|   2367 |    347 |
|   2368 |    905 |
|   2369 |     68 |
|   2370 |    527 |
|   2371 |    374 |
|   2372 |   1257 |
|   2373 |   1420 |
|   2374 |    911 |
|   2375 |    761 |
|   2376 |    762 |
|   2377 |    747 |
|   2378 |   1344 |
|   2379 |   1318 |
|   2380 |    805 |
|   2381 |    693 |
|   2382 |   1287 |
|   2383 |    712 |
|   2384 |    705 |
|   2385 |    978 |
|   2386 |    705 |
|   2387 |    966 |
|   2388 |    754 |
|   2389 |    866 |
|   2390 |    673 |
|   2391 |    110 |
|   2392 |    947 |
|   2393 |    300 |
|   2394 |    866 |
|   2395 |   1327 |
|   2396 |     84 |
|   2397 |   1350 |
|   2398 |    372 |
|   2399 |    704 |
|   2400 |    629 |
|   2401 |    941 |
|   2402 |    465 |
|   2403 |    481 |
|   2404 |   1202 |
|   2405 |    721 |
|   2406 |    100 |
|   2407 |   1351 |
|   2408 |    626 |
|   2409 |    814 |
|   2410 |   1297 |
|   2411 |    752 |
|   2412 |   1085 |
|   2413 |    485 |
|   2414 |    928 |
|   2415 |    579 |
|   2416 |    129 |
|   2417 |    933 |
|   2418 |    306 |
|   2419 |   1387 |
|   2420 |    411 |
|   2421 |    480 |
|   2422 |    568 |
|   2423 |    757 |
|   2424 |   1230 |
|   2425 |    186 |
|   2426 |    985 |
|   2427 |   1395 |
|   2428 |    765 |
|   2429 |    146 |
|   2430 |    952 |
|   2431 |   1043 |
|   2432 |    162 |
|   2433 |    263 |
|   2434 |   1452 |
|   2435 |   1124 |
|   2436 |   1300 |
|   2437 |   1404 |
|   2438 |   1019 |
|   2439 |    483 |
|   2440 |    794 |
|   2441 |    786 |
|   2442 |    514 |
|   2443 |   1185 |
|   2444 |    571 |
|   2445 |    313 |
|   2446 |    373 |
|   2447 |   1290 |
|   2448 |    520 |
|   2449 |    315 |
|   2450 |    335 |
|   2451 |    115 |
|   2452 |    681 |
|   2453 |    278 |
|   2454 |    985 |
|   2455 |    902 |
|   2456 |   1265 |
|   2457 |    383 |
|   2458 |   1464 |
|   2459 |    772 |
|   2460 |    917 |
|   2461 |   1213 |
|   2462 |   1225 |
|   2463 |   1317 |
|   2464 |   1431 |
|   2465 |   1161 |
|   2466 |    165 |
|   2467 |   1237 |
|   2468 |    832 |
|   2469 |    281 |
|   2470 |    771 |
|   2471 |     79 |
|   2472 |    130 |
|   2473 |    150 |
|   2474 |    889 |
|   2475 |    138 |
|   2476 |   1362 |
|   2477 |   1362 |
|   2478 |    701 |
|   2479 |   1393 |
|   2480 |    888 |
|   2481 |   1027 |
|   2482 |   1141 |
|   2483 |    734 |
|   2484 |   1133 |
|   2485 |    475 |
|   2486 |    206 |
|   2487 |    351 |
|   2488 |    564 |
|   2489 |   1290 |
|   2490 |   1463 |
|   2491 |    918 |
|   2492 |    790 |
|   2493 |   1304 |
|   2494 |   1310 |
|   2495 |     97 |
|   2496 |    528 |
|   2497 |   1462 |
|   2498 |    625 |
|   2499 |    509 |
|   2500 |   1085 |
|   2501 |    973 |
|   2502 |    245 |
|   2503 |    679 |
|   2504 |    215 |
|   2505 |    219 |
|   2506 |    266 |
|   2507 |    162 |
|   2508 |    435 |
|   2509 |    230 |
|   2510 |   1074 |
|   2511 |    908 |
|   2512 |    109 |
|   2513 |   1098 |
|   2514 |    445 |
|   2515 |    463 |
|   2516 |    494 |
|   2517 |    977 |
|   2518 |    299 |
|   2519 |    381 |
|   2520 |   1352 |
|   2521 |    859 |
|   2522 |    359 |
|   2523 |   1201 |
|   2524 |   1213 |
|   2525 |   1137 |
|   2526 |    838 |
|   2527 |    273 |
|   2528 |    538 |
|   2529 |    821 |
|   2530 |   1376 |
|   2531 |    813 |
|   2532 |   1073 |
|   2533 |   1092 |
|   2534 |   1263 |
|   2535 |   1447 |
|   2536 |   1072 |
|   2537 |   1281 |
|   2538 |    986 |
|   2539 |    290 |
|   2540 |   1048 |
|   2541 |    327 |
|   2542 |    166 |
|   2543 |   1321 |
|   2544 |   1200 |
|   2545 |    383 |
|   2546 |    465 |
|   2547 |    129 |
|   2548 |    918 |
|   2549 |   1374 |
|   2550 |   1418 |
|   2551 |    886 |
|   2552 |   1449 |
|   2553 |    291 |
|   2554 |    605 |
|   2555 |    320 |
|   2556 |    747 |
|   2557 |   1116 |
|   2558 |    374 |
|   2559 |    505 |
|   2560 |    136 |
|   2561 |    717 |
|   2562 |   1186 |
|   2563 |    503 |
|   2564 |    391 |
|   2565 |    787 |
|   2566 |    884 |
|   2567 |    162 |
|   2568 |   1166 |
|   2569 |   1175 |
|   2570 |   1338 |
|   2571 |    311 |
|   2572 |   1335 |
|   2573 |    479 |
|   2574 |    432 |
|   2575 |   1316 |
|   2576 |   1345 |
|   2577 |    560 |
|   2578 |    793 |
|   2579 |   1313 |
|   2580 |    865 |
|   2581 |    949 |
|   2582 |    376 |
|   2583 |    384 |
|   2584 |   1389 |
|   2585 |   1187 |
|   2586 |    601 |
|   2587 |    580 |
|   2588 |   1377 |
|   2589 |   1336 |
|   2590 |   1418 |
|   2591 |    924 |
|   2592 |    714 |
|   2593 |    182 |
|   2594 |    470 |
|   2595 |    114 |
|   2596 |    636 |
|   2597 |   1320 |
|   2598 |   1378 |
|   2599 |    350 |
|   2600 |    251 |
|   2601 |    991 |
|   2602 |   1258 |
|   2603 |    774 |
|   2604 |   1436 |
|   2605 |    623 |
|   2606 |    993 |
|   2607 |   1045 |
|   2608 |    444 |
|   2609 |    860 |
|   2610 |   1241 |
|   2611 |    655 |
|   2612 |    795 |
|   2613 |     96 |
|   2614 |    623 |
|   2615 |    284 |
|   2616 |    148 |
|   2617 |   1276 |
|   2618 |    396 |
|   2619 |    770 |
|   2620 |   1397 |
|   2621 |    153 |
|   2622 |    707 |
|   2623 |    279 |
|   2624 |    680 |
|   2625 |     69 |
|   2626 |   1291 |
|   2627 |    941 |
|   2628 |   1135 |
|   2629 |    793 |
|   2630 |    248 |
|   2631 |   1305 |
|   2632 |    799 |
|   2633 |    796 |
|   2634 |    905 |
|   2635 |    133 |
|   2636 |    646 |
|   2637 |    384 |
|   2638 |    476 |
|   2639 |    704 |
|   2640 |   1113 |
|   2641 |    917 |
|   2642 |    423 |
|   2643 |   1252 |
|   2644 |    326 |
|   2645 |    321 |
|   2646 |    842 |
|   2647 |    615 |
|   2648 |    843 |
|   2649 |    111 |
|   2650 |    258 |
|   2651 |    436 |
|   2652 |   1100 |
|   2653 |   1311 |
|   2654 |    185 |
|   2655 |    213 |
|   2656 |   1160 |
|   2657 |    213 |
|   2658 |    235 |
|   2659 |    757 |
|   2660 |    370 |
|   2661 |   1269 |
|   2662 |    207 |
|   2663 |    942 |
|   2664 |    873 |
|   2665 |   1054 |
|   2666 |    661 |
|   2667 |    449 |
|   2668 |    260 |
|   2669 |    504 |
|   2670 |   1293 |
|   2671 |    534 |
|   2672 |    137 |
|   2673 |    760 |
|   2674 |   1447 |
|   2675 |   1257 |
|   2676 |   1078 |
|   2677 |   1396 |
|   2678 |    652 |
|   2679 |   1452 |
|   2680 |    759 |
|   2681 |    497 |
|   2682 |    682 |
|   2683 |   1304 |
|   2684 |   1362 |
|   2685 |   1121 |
|   2686 |   1309 |
|   2687 |    990 |
|   2688 |    293 |
|   2689 |    845 |
|   2690 |   1233 |
|   2691 |    946 |
|   2692 |    249 |
|   2693 |    225 |
|   2694 |    630 |
|   2695 |     70 |
|   2696 |   1254 |
|   2697 |   1210 |
|   2698 |   1130 |
|   2699 |    264 |
|   2700 |    731 |
|   2701 |   1407 |
|   2702 |   1096 |
|   2703 |    820 |
|   2704 |   1287 |
|   2705 |    825 |
|   2706 |    519 |
|   2707 |   1007 |
|   2708 |    974 |
|   2709 |   1355 |
|   2710 |    608 |
|   2711 |     63 |
|   2712 |   1321 |
|   2713 |   1363 |
|   2714 |    957 |
|   2715 |    160 |
|   2716 |    785 |
|   2717 |   1278 |
|   2718 |    771 |
|   2719 |     68 |
|   2720 |    364 |
|   2721 |   1174 |
|   2722 |   1317 |
|   2723 |    797 |
|   2724 |    412 |
|   2725 |    528 |
|   2726 |    401 |
|   2727 |    966 |
|   2728 |   1162 |
|   2729 |   1106 |
|   2730 |    289 |
|   2731 |    306 |
|   2732 |    238 |
|   2733 |    363 |
|   2734 |   1315 |
|   2735 |    469 |
|   2736 |   1082 |
|   2737 |    520 |
|   2738 |   1195 |
|   2739 |    168 |
|   2740 |   1368 |
|   2741 |    770 |
|   2742 |    773 |
|   2743 |    887 |
|   2744 |    971 |
|   2745 |    616 |
|   2746 |    598 |
|   2747 |    244 |
|   2748 |   1402 |
|   2749 |    318 |
|   2750 |    471 |
|   2751 |    649 |
|   2752 |    670 |
|   2753 |    810 |
|   2754 |    590 |
|   2755 |    355 |
|   2756 |   1075 |
|   2757 |    456 |
|   2758 |    765 |
|   2759 |    255 |
|   2760 |   1110 |
|   2761 |    985 |
|   2762 |    612 |
|   2763 |    630 |
|   2764 |    391 |
|   2765 |   1447 |
|   2766 |   1472 |
|   2767 |   1280 |
|   2768 |    178 |
|   2769 |   1079 |
|   2770 |    127 |
|   2771 |    592 |
|   2772 |   1342 |
|   2773 |   1326 |
|   2774 |    722 |
|   2775 |   1281 |
|   2776 |    867 |
|   2777 |    838 |
|   2778 |    764 |
|   2779 |   1279 |
|   2780 |    123 |
|   2781 |    738 |
|   2782 |    396 |
|   2783 |    280 |
|   2784 |    378 |
|   2785 |   1187 |
|   2786 |    803 |
|   2787 |    425 |
|   2788 |    185 |
|   2789 |    827 |
|   2790 |   1051 |
|   2791 |    303 |
|   2792 |     52 |
|   2793 |     68 |
|   2794 |    522 |
|   2795 |    627 |
|   2796 |    527 |
|   2797 |   1304 |
|   2798 |    594 |
|   2799 |    821 |
|   2800 |    523 |
|   2801 |   1287 |
|   2802 |   1314 |
|   2803 |    609 |
|   2804 |    556 |
|   2805 |    124 |
|   2806 |    966 |
|   2807 |     72 |
|   2808 |    608 |
|   2809 |    735 |
|   2810 |   1415 |
|   2811 |    898 |
|   2812 |    139 |
|   2813 |    451 |
|   2814 |   1467 |
|   2815 |    827 |
|   2816 |   1368 |
|   2817 |   1291 |
|   2818 |   1080 |
|   2819 |   1141 |
|   2820 |    542 |
|   2821 |    720 |
|   2822 |     99 |
|   2823 |    672 |
|   2824 |   1082 |
|   2825 |    825 |
|   2826 |     89 |
|   2827 |    443 |
|   2828 |    563 |
|   2829 |    539 |
|   2830 |     70 |
|   2831 |    983 |
|   2832 |   1082 |
|   2833 |    333 |
|   2834 |    428 |
|   2835 |    733 |
|   2836 |    675 |
|   2837 |   1073 |
|   2838 |     98 |
|   2839 |    407 |
|   2840 |   1085 |
|   2841 |    843 |
|   2842 |   1307 |
|   2843 |    336 |
|   2844 |    943 |
|   2845 |   1330 |
|   2846 |   1266 |
|   2847 |   1352 |
|   2848 |   1115 |
|   2849 |    510 |
|   2850 |    767 |
|   2851 |    546 |
|   2852 |   1251 |
|   2853 |    331 |
|   2854 |    533 |
|   2855 |    970 |
|   2856 |   1463 |
|   2857 |    427 |
|   2858 |   1030 |
|   2859 |    981 |
|   2860 |    995 |
|   2861 |    871 |
|   2862 |    801 |
|   2863 |    847 |
|   2864 |    687 |
|   2865 |    651 |
|   2866 |    491 |
|   2867 |    811 |
|   2868 |   1092 |
|   2869 |    650 |
|   2870 |    499 |
|   2871 |   1203 |
|   2872 |    206 |
|   2873 |    669 |
|   2874 |    844 |
|   2875 |    163 |
|   2876 |   1183 |
|   2877 |    665 |
|   2878 |   1160 |
|   2879 |    961 |
|   2880 |   1233 |
|   2881 |     55 |
|   2882 |    858 |
|   2883 |    290 |
|   2884 |    569 |
|   2885 |    965 |
|   2886 |    215 |
|   2887 |    846 |
|   2888 |   1173 |
|   2889 |    722 |
|   2890 |   1011 |
|   2891 |   1053 |
|   2892 |   1473 |
|   2893 |    858 |
|   2894 |    345 |
|   2895 |    967 |
|   2896 |    886 |
|   2897 |    805 |
|   2898 |    469 |
|   2899 |   1444 |
|   2900 |    356 |
|   2901 |    720 |
|   2902 |   1208 |
|   2903 |   1420 |
|   2904 |   1445 |
|   2905 |    123 |
|   2906 |    652 |
|   2907 |    281 |
|   2908 |     86 |
|   2909 |   1131 |
|   2910 |    602 |
|   2911 |    228 |
|   2912 |    353 |
|   2913 |    114 |
|   2914 |   1145 |
|   2915 |   1352 |
|   2916 |    184 |
|   2917 |    768 |
|   2918 |    789 |
|   2919 |   1422 |
|   2920 |     55 |
|   2921 |   1106 |
|   2922 |    770 |
|   2923 |    225 |
|   2924 |    800 |
|   2925 |    169 |
|   2926 |   1472 |
|   2927 |    515 |
|   2928 |    243 |
|   2929 |   1184 |
|   2930 |    979 |
|   2931 |   1145 |
|   2932 |    443 |
|   2933 |   1408 |
|   2934 |    777 |
|   2935 |     64 |
|   2936 |   1016 |
|   2937 |    941 |
|   2938 |    156 |
|   2939 |   1349 |
|   2940 |    306 |
|   2941 |    819 |
|   2942 |   1402 |
|   2943 |   1197 |
|   2944 |   1246 |
|   2945 |   1277 |
|   2946 |    216 |
|   2947 |   1199 |
|   2948 |    936 |
|   2949 |    424 |
|   2950 |    560 |
|   2951 |   1013 |
|   2952 |    672 |
|   2953 |   1378 |
|   2954 |   1266 |
|   2955 |    247 |
|   2956 |   1209 |
|   2957 |   1013 |
|   2958 |    763 |
|   2959 |    133 |
|   2960 |   1463 |
|   2961 |   1152 |
|   2962 |   1432 |
|   2963 |    603 |
|   2964 |   1057 |
|   2965 |   1105 |
|   2966 |    116 |
|   2967 |    459 |
|   2968 |    702 |
|   2969 |    985 |
|   2970 |    427 |
|   2971 |    506 |
|   2972 |    805 |
|   2973 |    356 |
|   2974 |    609 |
|   2975 |    259 |
|   2976 |    853 |
|   2977 |    258 |
|   2978 |   1159 |
|   2979 |    898 |
|   2980 |   1395 |
|   2981 |    305 |
|   2982 |    195 |
|   2983 |    828 |
|   2984 |   1175 |
|   2985 |    314 |
|   2986 |    834 |
|   2987 |    775 |
|   2988 |   1236 |
|   2989 |   1014 |
|   2990 |   1431 |
|   2991 |    507 |
|   2992 |   1419 |
|   2993 |    474 |
|   2994 |   1466 |
|   2995 |   1268 |
|   2996 |   1059 |
|   2997 |    739 |
|   2998 |   1070 |
|   2999 |    275 |
|   3000 |    725 |
|   3001 |   1367 |
|   3002 |   1335 |
|   3003 |   1352 |
|   3004 |   1119 |
|   3005 |     58 |
|   3006 |    481 |
|   3007 |    971 |
|   3008 |    254 |
|   3009 |   1299 |
|   3010 |    159 |
|   3011 |    854 |
|   3012 |    710 |
|   3013 |    471 |
|   3014 |   1293 |
|   3015 |    697 |
|   3016 |   1008 |
|   3017 |   1362 |
|   3018 |    879 |
|   3019 |    800 |
|   3020 |   1421 |
|   3021 |    330 |
|   3022 |    502 |
|   3023 |    944 |
|   3024 |   1123 |
|   3025 |    742 |
|   3026 |    938 |
|   3027 |   1072 |
|   3028 |   1311 |
|   3029 |    928 |
|   3030 |    720 |
|   3031 |     76 |
|   3032 |   1175 |
|   3033 |    749 |
|   3034 |    123 |
|   3035 |   1114 |
|   3036 |   1366 |
|   3037 |   1355 |
|   3038 |   1359 |
|   3039 |   1237 |
|   3040 |    394 |
|   3041 |    490 |
|   3042 |    747 |
|   3043 |    801 |
|   3044 |   1458 |
|   3045 |    670 |
|   3046 |    690 |
|   3047 |    493 |
|   3048 |    906 |
|   3049 |   1249 |
|   3050 |    180 |
|   3051 |     65 |
|   3052 |   1459 |
|   3053 |    236 |
|   3054 |    212 |
|   3055 |    794 |
|   3056 |   1457 |
|   3057 |   1096 |
|   3058 |   1354 |
|   3059 |    127 |
|   3060 |    405 |
|   3061 |    551 |
|   3062 |   1356 |
|   3063 |    470 |
|   3064 |    582 |
|   3065 |   1047 |
|   3066 |   1379 |
|   3067 |    631 |
|   3068 |    818 |
|   3069 |   1090 |
|   3070 |    247 |
|   3071 |    430 |
|   3072 |    662 |
|   3073 |   1447 |
|   3074 |    979 |
|   3075 |   1230 |
|   3076 |   1096 |
|   3077 |    339 |
|   3078 |    434 |
|   3079 |    135 |
|   3080 |   1470 |
|   3081 |   1377 |
|   3082 |    587 |
|   3083 |    499 |
|   3084 |    198 |
|   3085 |    269 |
|   3086 |    880 |
|   3087 |    876 |
|   3088 |    316 |
|   3089 |   1080 |
|   3090 |    169 |
|   3091 |    728 |
|   3092 |    363 |
|   3093 |   1027 |
|   3094 |    506 |
|   3095 |    685 |
|   3096 |    195 |
|   3097 |    298 |
|   3098 |   1367 |
|   3099 |     71 |
|   3100 |    749 |
|   3101 |     70 |
|   3102 |    782 |
|   3103 |    817 |
|   3104 |    313 |
|   3105 |   1066 |
|   3106 |    557 |
|   3107 |    540 |
|   3108 |    509 |
|   3109 |   1453 |
|   3110 |    654 |
|   3111 |   1009 |
|   3112 |    320 |
|   3113 |    698 |
|   3114 |   1325 |
|   3115 |    511 |
|   3116 |   1339 |
|   3117 |   1079 |
|   3118 |    912 |
|   3119 |    631 |
|   3120 |   1162 |
|   3121 |    636 |
|   3122 |    758 |
|   3123 |    228 |
|   3124 |    934 |
|   3125 |    613 |
|   3126 |    905 |
|   3127 |   1420 |
|   3128 |   1125 |
|   3129 |   1219 |
|   3130 |    846 |
|   3131 |    359 |
|   3132 |    163 |
|   3133 |    212 |
|   3134 |    414 |
|   3135 |    434 |
|   3136 |   1316 |
|   3137 |    914 |
|   3138 |    831 |
|   3139 |    737 |
|   3140 |   1162 |
|   3141 |   1401 |
|   3142 |    992 |
|   3143 |    275 |
|   3144 |    638 |
|   3145 |   1416 |
|   3146 |    416 |
|   3147 |    694 |
|   3148 |    614 |
|   3149 |    154 |
|   3150 |   1074 |
|   3151 |    967 |
|   3152 |    200 |
|   3153 |    109 |
|   3154 |   1021 |
|   3155 |   1010 |
|   3156 |   1022 |
|   3157 |    103 |
|   3158 |    525 |
|   3159 |    565 |
|   3160 |     80 |
|   3161 |   1226 |
|   3162 |    801 |
|   3163 |    329 |
|   3164 |     68 |
|   3165 |    275 |
|   3166 |    374 |
|   3167 |    213 |
|   3168 |   1236 |
|   3169 |    110 |
|   3170 |    524 |
|   3171 |    307 |
|   3172 |    823 |
|   3173 |    109 |
|   3174 |    600 |
|   3175 |    832 |
|   3176 |   1200 |
|   3177 |    433 |
|   3178 |    377 |
|   3179 |    971 |
|   3180 |   1458 |
|   3181 |    371 |
|   3182 |    218 |
|   3183 |   1413 |
|   3184 |    625 |
|   3185 |    244 |
|   3186 |    504 |
|   3187 |    516 |
|   3188 |    109 |
|   3189 |   1405 |
|   3190 |   1122 |
|   3191 |    333 |
|   3192 |    753 |
|   3193 |    985 |
|   3194 |   1010 |
|   3195 |    994 |
|   3196 |    627 |
|   3197 |    130 |
|   3198 |   1407 |
|   3199 |   1130 |
|   3200 |    350 |
|   3201 |   1024 |
|   3202 |   1431 |
|   3203 |   1347 |
|   3204 |    688 |
|   3205 |   1466 |
|   3206 |    988 |
|   3207 |   1354 |
|   3208 |    650 |
|   3209 |    756 |
|   3210 |   1102 |
|   3211 |    598 |
|   3212 |    758 |
|   3213 |   1446 |
|   3214 |    978 |
|   3215 |    118 |
|   3216 |   1225 |
|   3217 |    761 |
|   3218 |    402 |
|   3219 |   1220 |
|   3220 |   1108 |
|   3221 |    417 |
|   3222 |   1113 |
|   3223 |    130 |
|   3224 |   1010 |
|   3225 |    140 |
|   3226 |     52 |
|   3227 |   1278 |
|   3228 |   1153 |
|   3229 |    761 |
|   3230 |    917 |
|   3231 |   1356 |
|   3232 |    228 |
|   3233 |    729 |
|   3234 |   1297 |
|   3235 |   1007 |
|   3236 |   1110 |
|   3237 |    502 |
|   3238 |    330 |
|   3239 |    556 |
|   3240 |    345 |
|   3241 |     90 |
|   3242 |   1279 |
|   3243 |   1013 |
|   3244 |    259 |
|   3245 |   1356 |
|   3246 |   1226 |
|   3247 |    972 |
|   3248 |    651 |
|   3249 |    357 |
|   3250 |    706 |
|   3251 |    650 |
|   3252 |    383 |
|   3253 |   1273 |
|   3254 |   1274 |
|   3255 |    831 |
|   3256 |   1429 |
|   3257 |    159 |
|   3258 |   1003 |
|   3259 |    858 |
|   3260 |    119 |
|   3261 |   1415 |
|   3262 |     92 |
|   3263 |    530 |
|   3264 |    881 |
|   3265 |    970 |
|   3266 |    936 |
|   3267 |   1472 |
|   3268 |    167 |
|   3269 |    482 |
|   3270 |    582 |
|   3271 |   1472 |
|   3272 |     85 |
|   3273 |    815 |
|   3274 |   1246 |
|   3275 |    136 |
|   3276 |    855 |
|   3277 |    618 |
|   3278 |   1193 |
|   3279 |    791 |
|   3280 |    275 |
|   3281 |    978 |
|   3282 |    207 |
|   3283 |   1370 |
|   3284 |    580 |
|   3285 |    671 |
|   3286 |    469 |
|   3287 |    506 |
|   3288 |   1030 |
|   3289 |     60 |
|   3290 |   1462 |
|   3291 |    172 |
|   3292 |    845 |
|   3293 |   1029 |
|   3294 |   1055 |
|   3295 |   1186 |
|   3296 |    764 |
|   3297 |   1045 |
|   3298 |   1387 |
|   3299 |   1407 |
|   3300 |    794 |
|   3301 |     87 |
|   3302 |    360 |
|   3303 |     59 |
|   3304 |    961 |
|   3305 |   1440 |
|   3306 |    138 |
|   3307 |    918 |
|   3308 |   1174 |
|   3309 |    863 |
|   3310 |    622 |
|   3311 |    703 |
|   3312 |   1332 |
|   3313 |    699 |
|   3314 |    766 |
|   3315 |    999 |
|   3316 |    646 |
|   3317 |    698 |
|   3318 |   1343 |
|   3319 |    121 |
|   3320 |    127 |
|   3321 |    690 |
|   3322 |    674 |
|   3323 |    411 |
|   3324 |    112 |
|   3325 |   1076 |
|   3326 |   1166 |
|   3327 |    204 |
|   3328 |   1044 |
|   3329 |    652 |
|   3330 |   1061 |
|   3331 |    235 |
|   3332 |    804 |
|   3333 |    534 |
|   3334 |    643 |
|   3335 |    865 |
|   3336 |   1082 |
|   3337 |    872 |
|   3338 |    161 |
|   3339 |   1368 |
|   3340 |    419 |
|   3341 |    558 |
|   3342 |    188 |
|   3343 |    462 |
|   3344 |    650 |
|   3345 |    842 |
|   3346 |    194 |
|   3347 |    764 |
|   3348 |    108 |
|   3349 |    277 |
|   3350 |    355 |
|   3351 |    684 |
|   3352 |    321 |
|   3353 |    444 |
|   3354 |    958 |
|   3355 |    676 |
|   3356 |    973 |
|   3357 |   1294 |
|   3358 |    145 |
|   3359 |    207 |
|   3360 |   1333 |
|   3361 |   1317 |
|   3362 |   1442 |
|   3363 |    986 |
|   3364 |   1438 |
|   3365 |   1304 |
|   3366 |    493 |
|   3367 |   1359 |
|   3368 |   1272 |
|   3369 |   1270 |
|   3370 |    896 |
|   3371 |    254 |
|   3372 |   1222 |
|   3373 |    710 |
|   3374 |     79 |
|   3375 |   1287 |
|   3376 |    622 |
|   3377 |    282 |
|   3378 |    797 |
|   3379 |   1222 |
|   3380 |    498 |
|   3381 |    873 |
|   3382 |    596 |
|   3383 |    400 |
|   3384 |    234 |
|   3385 |    968 |
|   3386 |    581 |
Numerul TOTAL de pagini este 2572780
O TREIME de pagini este reprezentata 857593
===Rezultatele in cazul unei metode greedy===
Angajatul 1 este responsabil de 857174 pagini.
Angajatul 2 este responsabil de 857399 pagini.
Angajatul 3 este responsabil de 858207 pagini.
===Rezultatele in cazul unei metode de cautare exhaustive===
Angajatul 1 este responsabil de 857174 pagini.
Angajatul 2 este responsabil de 857725 pagini.
Angajatul 3 este responsabil de 857881 pagini.
