Numărul de cărți este 2582

| Cartea | Pagini |
|--------|--------|
|      1 |    691 |
|      2 |    581 |
|      3 |   1454 |
|      4 |    337 |
|      5 |    469 |
|      6 |    876 |
|      7 |    288 |
|      8 |    289 |
|      9 |    178 |
|     10 |    662 |
|     11 |   1428 |
|     12 |    838 |
|     13 |    174 |
|     14 |    685 |
|     15 |    740 |
|     16 |    825 |
|     17 |   1164 |
|     18 |    743 |
|     19 |    912 |
|     20 |    895 |
|     21 |   1427 |
|     22 |    359 |
|     23 |   1062 |
|     24 |   1386 |
|     25 |    495 |
|     26 |   1453 |
|     27 |    295 |
|     28 |   1064 |
|     29 |    255 |
|     30 |    226 |
|     31 |    858 |
|     32 |   1408 |
|     33 |    843 |
|     34 |    369 |
|     35 |   1462 |
|     36 |    433 |
|     37 |    818 |
|     38 |    614 |
|     39 |    619 |
|     40 |    694 |
|     41 |    405 |
|     42 |    127 |
|     43 |    567 |
|     44 |   1222 |
|     45 |    208 |
|     46 |    432 |
|     47 |    282 |
|     48 |    884 |
|     49 |   1298 |
|     50 |    320 |
|     51 |    926 |
|     52 |   1434 |
|     53 |    501 |
|     54 |    917 |
|     55 |    818 |
|     56 |    699 |
|     57 |   1043 |
|     58 |    268 |
|     59 |    446 |
|     60 |   1231 |
|     61 |   1035 |
|     62 |    297 |
|     63 |    293 |
|     64 |    621 |
|     65 |   1317 |
|     66 |   1246 |
|     67 |    601 |
|     68 |    226 |
|     69 |    845 |
|     70 |    738 |
|     71 |     90 |
|     72 |   1341 |
|     73 |   1211 |
|     74 |   1063 |
|     75 |   1341 |
|     76 |   1356 |
|     77 |   1272 |
|     78 |    521 |
|     79 |   1328 |
|     80 |    244 |
|     81 |    648 |
|     82 |    918 |
|     83 |    452 |
|     84 |   1412 |
|     85 |    199 |
|     86 |   1341 |
|     87 |   1458 |
|     88 |    191 |
|     89 |   1116 |
|     90 |    335 |
|     91 |    215 |
|     92 |    965 |
|     93 |    724 |
|     94 |    839 |
|     95 |   1020 |
|     96 |    659 |
|     97 |    891 |
|     98 |    104 |
|     99 |   1426 |
|    100 |    950 |
|    101 |     50 |
|    102 |    263 |
|    103 |    597 |
|    104 |   1178 |
|    105 |    409 |
|    106 |    417 |
|    107 |    441 |
|    108 |    128 |
|    109 |   1360 |
|    110 |    198 |
|    111 |    794 |
|    112 |   1383 |
|    113 |    687 |
|    114 |   1321 |
|    115 |    644 |
|    116 |    575 |
|    117 |    220 |
|    118 |   1467 |
|    119 |    980 |
|    120 |    523 |
|    121 |    505 |
|    122 |   1207 |
|    123 |   1301 |
|    124 |   1224 |
|    125 |   1079 |
|    126 |   1211 |
|    127 |   1049 |
|    128 |    724 |
|    129 |    884 |
|    130 |    468 |
|    131 |    839 |
|    132 |    859 |
|    133 |   1180 |
|    134 |   1272 |
|    135 |    515 |
|    136 |   1158 |
|    137 |   1196 |
|    138 |    346 |
|    139 |    300 |
|    140 |    566 |
|    141 |    295 |
|    142 |    358 |
|    143 |    631 |
|    144 |    232 |
|    145 |   1153 |
|    146 |   1248 |
|    147 |   1276 |
|    148 |   1383 |
|    149 |    663 |
|    150 |   1353 |
|    151 |    989 |
|    152 |     88 |
|    153 |    118 |
|    154 |    521 |
|    155 |   1175 |
|    156 |   1407 |
|    157 |   1409 |
|    158 |    992 |
|    159 |    570 |
|    160 |    601 |
|    161 |    878 |
|    162 |   1101 |
|    163 |     61 |
|    164 |    921 |
|    165 |    260 |
|    166 |    373 |
|    167 |    404 |
|    168 |   1387 |
|    169 |    762 |
|    170 |   1093 |
|    171 |    546 |
|    172 |   1290 |
|    173 |   1147 |
|    174 |    691 |
|    175 |    697 |
|    176 |    426 |
|    177 |   1471 |
|    178 |   1353 |
|    179 |    740 |
|    180 |    464 |
|    181 |    604 |
|    182 |   1282 |
|    183 |    997 |
|    184 |    706 |
|    185 |    548 |
|    186 |   1125 |
|    187 |    199 |
|    188 |    779 |
|    189 |   1424 |
|    190 |   1410 |
|    191 |    532 |
|    192 |    652 |
|    193 |    141 |
|    194 |    275 |
|    195 |    357 |
|    196 |    548 |
|    197 |    840 |
|    198 |     97 |
|    199 |    153 |
|    200 |   1124 |
|    201 |    258 |
|    202 |    986 |
|    203 |    854 |
|    204 |    786 |
|    205 |    263 |
|    206 |   1112 |
|    207 |    179 |
|    208 |    480 |
|    209 |    756 |
|    210 |    377 |
|    211 |    325 |
|    212 |   1435 |
|    213 |    942 |
|    214 |    332 |
|    215 |   1272 |
|    216 |    502 |
|    217 |    655 |
|    218 |   1102 |
|    219 |    207 |
|    220 |   1322 |
|    221 |   1233 |
|    222 |   1066 |
|    223 |   1213 |
|    224 |    393 |
|    225 |    483 |
|    226 |   1471 |
|    227 |    187 |
|    228 |    440 |
|    229 |   1172 |
|    230 |    347 |
|    231 |    410 |
|    232 |    209 |
|    233 |    523 |
|    234 |    712 |
|    235 |    942 |
|    236 |    256 |
|    237 |     92 |
|    238 |    332 |
|    239 |    449 |
|    240 |    911 |
|    241 |    659 |
|    242 |    843 |
|    243 |   1362 |
|    244 |    657 |
|    245 |    129 |
|    246 |    655 |
|    247 |   1416 |
|    248 |   1028 |
|    249 |    408 |
|    250 |    894 |
|    251 |    226 |
|    252 |    611 |
|    253 |   1349 |
|    254 |    208 |
|    255 |    803 |
|    256 |   1343 |
|    257 |    549 |
|    258 |    558 |
|    259 |    905 |
|    260 |   1165 |
|    261 |   1333 |
|    262 |   1248 |
|    263 |   1153 |
|    264 |    484 |
|    265 |    659 |
|    266 |    469 |
|    267 |    571 |
|    268 |    771 |
|    269 |    633 |
|    270 |    136 |
|    271 |    785 |
|    272 |   1391 |
|    273 |   1095 |
|    274 |    512 |
|    275 |    953 |
|    276 |     56 |
|    277 |   1293 |
|    278 |    350 |
|    279 |    361 |
|    280 |    143 |
|    281 |    892 |
|    282 |    454 |
|    283 |    752 |
|    284 |    359 |
|    285 |   1258 |
|    286 |    731 |
|    287 |   1093 |
|    288 |   1327 |
|    289 |    100 |
|    290 |   1462 |
|    291 |   1060 |
|    292 |    309 |
|    293 |    374 |
|    294 |    298 |
|    295 |    272 |
|    296 |     96 |
|    297 |    883 |
|    298 |   1391 |
|    299 |    973 |
|    300 |    415 |
|    301 |    861 |
|    302 |   1106 |
|    303 |   1223 |
|    304 |    747 |
|    305 |    245 |
|    306 |    929 |
|    307 |    519 |
|    308 |   1424 |
|    309 |    836 |
|    310 |    590 |
|    311 |    649 |
|    312 |    558 |
|    313 |   1455 |
|    314 |    671 |
|    315 |    904 |
|    316 |    723 |
|    317 |    847 |
|    318 |    479 |
|    319 |    362 |
|    320 |    173 |
|    321 |   1432 |
|    322 |    497 |
|    323 |    671 |
|    324 |   1022 |
|    325 |    600 |
|    326 |    919 |
|    327 |    682 |
|    328 |    621 |
|    329 |   1099 |
|    330 |   1270 |
|    331 |    576 |
|    332 |   1415 |
|    333 |    151 |
|    334 |   1196 |
|    335 |   1129 |
|    336 |   1232 |
|    337 |    249 |
|    338 |    299 |
|    339 |    101 |
|    340 |    722 |
|    341 |   1263 |
|    342 |   1345 |
|    343 |   1299 |
|    344 |   1286 |
|    345 |   1134 |
|    346 |    518 |
|    347 |   1267 |
|    348 |    300 |
|    349 |    405 |
|    350 |    367 |
|    351 |    491 |
|    352 |   1136 |
|    353 |    833 |
|    354 |    610 |
|    355 |   1225 |
|    356 |    622 |
|    357 |    440 |
|    358 |   1053 |
|    359 |    360 |
|    360 |   1363 |
|    361 |    900 |
|    362 |    260 |
|    363 |    699 |
|    364 |    165 |
|    365 |   1128 |
|    366 |   1435 |
|    367 |    628 |
|    368 |   1406 |
|    369 |     88 |
|    370 |    611 |
|    371 |   1209 |
|    372 |    899 |
|    373 |   1203 |
|    374 |   1380 |
|    375 |    668 |
|    376 |    499 |
|    377 |     76 |
|    378 |   1329 |
|    379 |   1047 |
|    380 |    405 |
|    381 |    620 |
|    382 |    110 |
|    383 |   1271 |
|    384 |    928 |
|    385 |   1401 |
|    386 |   1409 |
|    387 |   1406 |
|    388 |    567 |
|    389 |    148 |
|    390 |    293 |
|    391 |    889 |
|    392 |    781 |
|    393 |    992 |
|    394 |    875 |
|    395 |   1284 |
|    396 |     50 |
|    397 |   1122 |
|    398 |    221 |
|    399 |    600 |
|    400 |    406 |
|    401 |   1281 |
|    402 |    518 |
|    403 |   1123 |
|    404 |    498 |
|    405 |   1111 |
|    406 |   1113 |
|    407 |    715 |
|    408 |   1217 |
|    409 |    970 |
|    410 |   1096 |
|    411 |    919 |
|    412 |    793 |
|    413 |   1159 |
|    414 |   1068 |
|    415 |    400 |
|    416 |   1114 |
|    417 |    225 |
|    418 |    587 |
|    419 |   1364 |
|    420 |    757 |
|    421 |    381 |
|    422 |   1301 |
|    423 |    333 |
|    424 |    762 |
|    425 |    343 |
|    426 |    863 |
|    427 |    891 |
|    428 |   1470 |
|    429 |    709 |
|    430 |    452 |
|    431 |   1260 |
|    432 |    799 |
|    433 |    759 |
|    434 |   1028 |
|    435 |   1443 |
|    436 |    776 |
|    437 |    419 |
|    438 |   1180 |
|    439 |   1310 |
|    440 |   1344 |
|    441 |    492 |
|    442 |    175 |
|    443 |    179 |
|    444 |   1085 |
|    445 |    662 |
|    446 |    551 |
|    447 |    607 |
|    448 |    986 |
|    449 |   1204 |
|    450 |   1046 |
|    451 |   1298 |
|    452 |    959 |
|    453 |    770 |
|    454 |   1265 |
|    455 |    364 |
|    456 |    922 |
|    457 |    462 |
|    458 |    334 |
|    459 |    973 |
|    460 |    418 |
|    461 |    867 |
|    462 |    975 |
|    463 |    727 |
|    464 |   1454 |
|    465 |    842 |
|    466 |   1239 |
|    467 |    961 |
|    468 |   1434 |
|    469 |    383 |
|    470 |   1017 |
|    471 |    226 |
|    472 |    785 |
|    473 |    705 |
|    474 |   1278 |
|    475 |   1014 |
|    476 |    771 |
|    477 |   1020 |
|    478 |    366 |
|    479 |   1102 |
|    480 |    417 |
|    481 |    805 |
|    482 |    927 |
|    483 |   1447 |
|    484 |    806 |
|    485 |   1348 |
|    486 |    444 |
|    487 |    560 |
|    488 |   1457 |
|    489 |   1118 |
|    490 |    331 |
|    491 |    181 |
|    492 |   1303 |
|    493 |    128 |
|    494 |    856 |
|    495 |    729 |
|    496 |    397 |
|    497 |    690 |
|    498 |   1181 |
|    499 |   1367 |
|    500 |    613 |
|    501 |   1237 |
|    502 |    282 |
|    503 |    272 |
|    504 |   1450 |
|    505 |    512 |
|    506 |    931 |
|    507 |   1385 |
|    508 |    629 |
|    509 |    251 |
|    510 |   1116 |
|    511 |    430 |
|    512 |   1283 |
|    513 |    878 |
|    514 |    727 |
|    515 |    672 |
|    516 |   1223 |
|    517 |   1122 |
|    518 |    745 |
|    519 |   1258 |
|    520 |    291 |
|    521 |    347 |
|    522 |   1408 |
|    523 |     58 |
|    524 |   1275 |
|    525 |    269 |
|    526 |    812 |
|    527 |    900 |
|    528 |    505 |
|    529 |    573 |
|    530 |    395 |
|    531 |    118 |
|    532 |    594 |
|    533 |    764 |
|    534 |    280 |
|    535 |    737 |
|    536 |    127 |
|    537 |   1353 |
|    538 |    866 |
|    539 |    719 |
|    540 |   1305 |
|    541 |   1047 |
|    542 |    779 |
|    543 |    740 |
|    544 |    340 |
|    545 |    116 |
|    546 |    454 |
|    547 |    729 |
|    548 |    150 |
|    549 |    927 |
|    550 |   1446 |
|    551 |    699 |
|    552 |    201 |
|    553 |    145 |
|    554 |    781 |
|    555 |    766 |
|    556 |    201 |
|    557 |    624 |
|    558 |    355 |
|    559 |    206 |
|    560 |    961 |
|    561 |    452 |
|    562 |    783 |
|    563 |    417 |
|    564 |    678 |
|    565 |   1422 |
|    566 |   1115 |
|    567 |    242 |
|    568 |   1307 |
|    569 |     84 |
|    570 |    905 |
|    571 |   1339 |
|    572 |    463 |
|    573 |    803 |
|    574 |    404 |
|    575 |    666 |
|    576 |    621 |
|    577 |   1172 |
|    578 |   1053 |
|    579 |    567 |
|    580 |   1093 |
|    581 |    572 |
|    582 |    626 |
|    583 |    735 |
|    584 |    269 |
|    585 |    773 |
|    586 |    872 |
|    587 |   1089 |
|    588 |    665 |
|    589 |    922 |
|    590 |    647 |
|    591 |   1221 |
|    592 |    100 |
|    593 |   1400 |
|    594 |    906 |
|    595 |   1235 |
|    596 |   1455 |
|    597 |    374 |
|    598 |    263 |
|    599 |   1014 |
|    600 |     90 |
|    601 |    370 |
|    602 |    376 |
|    603 |   1339 |
|    604 |   1331 |
|    605 |    164 |
|    606 |   1264 |
|    607 |   1021 |
|    608 |   1464 |
|    609 |    688 |
|    610 |    128 |
|    611 |    606 |
|    612 |    303 |
|    613 |    268 |
|    614 |    858 |
|    615 |   1121 |
|    616 |    157 |
|    617 |    754 |
|    618 |    768 |
|    619 |   1279 |
|    620 |    841 |
|    621 |   1297 |
|    622 |    222 |
|    623 |    151 |
|    624 |   1113 |
|    625 |   1329 |
|    626 |    260 |
|    627 |    165 |
|    628 |    531 |
|    629 |    878 |
|    630 |   1121 |
|    631 |    341 |
|    632 |    698 |
|    633 |   1292 |
|    634 |    969 |
|    635 |    280 |
|    636 |   1304 |
|    637 |    173 |
|    638 |    578 |
|    639 |    527 |
|    640 |   1361 |
|    641 |    696 |
|    642 |    493 |
|    643 |   1309 |
|    644 |   1019 |
|    645 |    625 |
|    646 |    666 |
|    647 |    946 |
|    648 |    104 |
|    649 |   1151 |
|    650 |    488 |
|    651 |    208 |
|    652 |    194 |
|    653 |    858 |
|    654 |    684 |
|    655 |   1082 |
|    656 |    642 |
|    657 |    688 |
|    658 |    702 |
|    659 |    541 |
|    660 |   1080 |
|    661 |    896 |
|    662 |    188 |
|    663 |    538 |
|    664 |    811 |
|    665 |    194 |
|    666 |   1034 |
|    667 |    618 |
|    668 |    494 |
|    669 |    854 |
|    670 |     64 |
|    671 |     87 |
|    672 |    809 |
|    673 |     64 |
|    674 |    197 |
|    675 |    334 |
|    676 |    646 |
|    677 |   1232 |
|    678 |    220 |
|    679 |     57 |
|    680 |    928 |
|    681 |   1290 |
|    682 |    987 |
|    683 |   1067 |
|    684 |    907 |
|    685 |    538 |
|    686 |   1015 |
|    687 |    310 |
|    688 |    187 |
|    689 |   1040 |
|    690 |    750 |
|    691 |   1471 |
|    692 |    441 |
|    693 |    218 |
|    694 |   1306 |
|    695 |    405 |
|    696 |    113 |
|    697 |   1234 |
|    698 |   1281 |
|    699 |    580 |
|    700 |    304 |
|    701 |   1203 |
|    702 |    237 |
|    703 |   1362 |
|    704 |    880 |
|    705 |    200 |
|    706 |   1075 |
|    707 |   1085 |
|    708 |    734 |
|    709 |    650 |
|    710 |   1337 |
|    711 |    482 |
|    712 |   1178 |
|    713 |    184 |
|    714 |   1304 |
|    715 |   1391 |
|    716 |    755 |
|    717 |    248 |
|    718 |    414 |
|    719 |    586 |
|    720 |    398 |
|    721 |    787 |
|    722 |   1280 |
|    723 |    678 |
|    724 |     96 |
|    725 |    454 |
|    726 |   1418 |
|    727 |    925 |
|    728 |    290 |
|    729 |   1131 |
|    730 |    505 |
|    731 |   1286 |
|    732 |    579 |
|    733 |    618 |
|    734 |    411 |
|    735 |   1071 |
|    736 |    381 |
|    737 |    773 |
|    738 |    196 |
|    739 |   1308 |
|    740 |   1271 |
|    741 |    694 |
|    742 |    358 |
|    743 |    729 |
|    744 |   1404 |
|    745 |    810 |
|    746 |   1416 |
|    747 |    187 |
|    748 |    226 |
|    749 |    297 |
|    750 |   1157 |
|    751 |   1143 |
|    752 |   1081 |
|    753 |    869 |
|    754 |   1254 |
|    755 |    208 |
|    756 |   1390 |
|    757 |    770 |
|    758 |    537 |
|    759 |    984 |
|    760 |    759 |
|    761 |    569 |
|    762 |   1287 |
|    763 |   1051 |
|    764 |   1029 |
|    765 |    322 |
|    766 |    120 |
|    767 |    961 |
|    768 |    116 |
|    769 |   1144 |
|    770 |   1265 |
|    771 |    221 |
|    772 |    689 |
|    773 |    728 |
|    774 |    970 |
|    775 |     67 |
|    776 |   1312 |
|    777 |    133 |
|    778 |    808 |
|    779 |    779 |
|    780 |   1104 |
|    781 |   1397 |
|    782 |   1464 |
|    783 |    548 |
|    784 |   1195 |
|    785 |    488 |
|    786 |    570 |
|    787 |    724 |
|    788 |   1265 |
|    789 |    730 |
|    790 |    326 |
|    791 |    229 |
|    792 |     88 |
|    793 |   1344 |
|    794 |   1442 |
|    795 |   1085 |
|    796 |   1231 |
|    797 |    514 |
|    798 |    548 |
|    799 |    690 |
|    800 |   1474 |
|    801 |    358 |
|    802 |    372 |
|    803 |   1360 |
|    804 |    133 |
|    805 |    517 |
|    806 |   1385 |
|    807 |   1368 |
|    808 |   1186 |
|    809 |    506 |
|    810 |   1325 |
|    811 |    836 |
|    812 |    760 |
|    813 |    386 |
|    814 |   1207 |
|    815 |    972 |
|    816 |    280 |
|    817 |   1386 |
|    818 |     61 |
|    819 |     85 |
|    820 |    799 |
|    821 |    300 |
|    822 |   1243 |
|    823 |    488 |
|    824 |    277 |
|    825 |    669 |
|    826 |   1146 |
|    827 |   1217 |
|    828 |    631 |
|    829 |    370 |
|    830 |    251 |
|    831 |    671 |
|    832 |    719 |
|    833 |   1427 |
|    834 |    242 |
|    835 |   1180 |
|    836 |    617 |
|    837 |    227 |
|    838 |   1462 |
|    839 |   1140 |
|    840 |    464 |
|    841 |   1123 |
|    842 |   1474 |
|    843 |    922 |
|    844 |    709 |
|    845 |    202 |
|    846 |    476 |
|    847 |   1070 |
|    848 |   1301 |
|    849 |    718 |
|    850 |     68 |
|    851 |    470 |
|    852 |    939 |
|    853 |   1271 |
|    854 |   1122 |
|    855 |     69 |
|    856 |   1053 |
|    857 |   1139 |
|    858 |     85 |
|    859 |   1321 |
|    860 |   1386 |
|    861 |    891 |
|    862 |    858 |
|    863 |    650 |
|    864 |    396 |
|    865 |   1349 |
|    866 |    261 |
|    867 |    459 |
|    868 |    172 |
|    869 |    424 |
|    870 |   1280 |
|    871 |    920 |
|    872 |    588 |
|    873 |    862 |
|    874 |    694 |
|    875 |    222 |
|    876 |    907 |
|    877 |   1333 |
|    878 |   1012 |
|    879 |    255 |
|    880 |    681 |
|    881 |   1025 |
|    882 |    445 |
|    883 |   1251 |
|    884 |   1074 |
|    885 |    135 |
|    886 |    867 |
|    887 |    889 |
|    888 |   1299 |
|    889 |    769 |
|    890 |    305 |
|    891 |   1315 |
|    892 |   1250 |
|    893 |    628 |
|    894 |   1368 |
|    895 |   1131 |
|    896 |    777 |
|    897 |   1085 |
|    898 |    749 |
|    899 |   1439 |
|    900 |    968 |
|    901 |    652 |
|    902 |   1144 |
|    903 |    154 |
|    904 |    730 |
|    905 |   1142 |
|    906 |    788 |
|    907 |    812 |
|    908 |   1176 |
|    909 |    394 |
|    910 |    502 |
|    911 |    119 |
|    912 |   1119 |
|    913 |    265 |
|    914 |    556 |
|    915 |    420 |
|    916 |    458 |
|    917 |    910 |
|    918 |    181 |
|    919 |   1347 |
|    920 |    473 |
|    921 |    106 |
|    922 |    511 |
|    923 |   1161 |
|    924 |    689 |
|    925 |   1384 |
|    926 |   1007 |
|    927 |    522 |
|    928 |   1289 |
|    929 |   1287 |
|    930 |    111 |
|    931 |    711 |
|    932 |    768 |
|    933 |    853 |
|    934 |    156 |
|    935 |    468 |
|    936 |    639 |
|    937 |    220 |
|    938 |    216 |
|    939 |    540 |
|    940 |   1206 |
|    941 |    101 |
|    942 |   1131 |
|    943 |    164 |
|    944 |    194 |
|    945 |    356 |
|    946 |    697 |
|    947 |    290 |
|    948 |   1062 |
|    949 |    890 |
|    950 |    414 |
|    951 |    599 |
|    952 |   1466 |
|    953 |    816 |
|    954 |    346 |
|    955 |    868 |
|    956 |   1464 |
|    957 |   1087 |
|    958 |    646 |
|    959 |    840 |
|    960 |    515 |
|    961 |    868 |
|    962 |    538 |
|    963 |    609 |
|    964 |     51 |
|    965 |   1371 |
|    966 |    489 |
|    967 |   1397 |
|    968 |    644 |
|    969 |    316 |
|    970 |   1225 |
|    971 |    150 |
|    972 |    550 |
|    973 |    719 |
|    974 |   1033 |
|    975 |    647 |
|    976 |    339 |
|    977 |     56 |
|    978 |    677 |
|    979 |    366 |
|    980 |    447 |
|    981 |    620 |
|    982 |    288 |
|    983 |   1407 |
|    984 |    620 |
|    985 |   1398 |
|    986 |    385 |
|    987 |    487 |
|    988 |    925 |
|    989 |    917 |
|    990 |   1379 |
|    991 |    584 |
|    992 |    462 |
|    993 |   1279 |
|    994 |    881 |
|    995 |    662 |
|    996 |    588 |
|    997 |    102 |
|    998 |    265 |
|    999 |    382 |
|   1000 |    227 |
|   1001 |    487 |
|   1002 |   1296 |
|   1003 |    426 |
|   1004 |     55 |
|   1005 |     65 |
|   1006 |   1412 |
|   1007 |   1159 |
|   1008 |    291 |
|   1009 |    662 |
|   1010 |   1240 |
|   1011 |    199 |
|   1012 |    318 |
|   1013 |   1043 |
|   1014 |    174 |
|   1015 |    167 |
|   1016 |    559 |
|   1017 |   1469 |
|   1018 |    716 |
|   1019 |    115 |
|   1020 |    564 |
|   1021 |   1027 |
|   1022 |    248 |
|   1023 |    435 |
|   1024 |    871 |
|   1025 |    811 |
|   1026 |    926 |
|   1027 |    442 |
|   1028 |   1165 |
|   1029 |   1041 |
|   1030 |    677 |
|   1031 |   1320 |
|   1032 |    875 |
|   1033 |    906 |
|   1034 |    271 |
|   1035 |    775 |
|   1036 |    435 |
|   1037 |    633 |
|   1038 |    847 |
|   1039 |    621 |
|   1040 |    790 |
|   1041 |    306 |
|   1042 |   1215 |
|   1043 |    811 |
|   1044 |    820 |
|   1045 |    658 |
|   1046 |    666 |
|   1047 |   1153 |
|   1048 |    207 |
|   1049 |    331 |
|   1050 |    935 |
|   1051 |   1316 |
|   1052 |    315 |
|   1053 |    549 |
|   1054 |    217 |
|   1055 |    407 |
|   1056 |    633 |
|   1057 |    291 |
|   1058 |   1394 |
|   1059 |    993 |
|   1060 |    437 |
|   1061 |   1460 |
|   1062 |    295 |
|   1063 |    319 |
|   1064 |    379 |
|   1065 |   1433 |
|   1066 |    353 |
|   1067 |    648 |
|   1068 |    843 |
|   1069 |   1040 |
|   1070 |    989 |
|   1071 |    136 |
|   1072 |    307 |
|   1073 |   1088 |
|   1074 |    365 |
|   1075 |    415 |
|   1076 |    539 |
|   1077 |   1209 |
|   1078 |   1154 |
|   1079 |    852 |
|   1080 |    495 |
|   1081 |   1251 |
|   1082 |    149 |
|   1083 |   1427 |
|   1084 |   1402 |
|   1085 |    438 |
|   1086 |    198 |
|   1087 |   1268 |
|   1088 |    646 |
|   1089 |    238 |
|   1090 |   1092 |
|   1091 |    551 |
|   1092 |   1196 |
|   1093 |    455 |
|   1094 |    756 |
|   1095 |   1363 |
|   1096 |   1383 |
|   1097 |    190 |
|   1098 |    402 |
|   1099 |    966 |
|   1100 |    300 |
|   1101 |    306 |
|   1102 |    861 |
|   1103 |    142 |
|   1104 |    739 |
|   1105 |    517 |
|   1106 |    813 |
|   1107 |    121 |
|   1108 |    778 |
|   1109 |    571 |
|   1110 |   1252 |
|   1111 |    777 |
|   1112 |     81 |
|   1113 |     59 |
|   1114 |   1249 |
|   1115 |    678 |
|   1116 |    643 |
|   1117 |    628 |
|   1118 |    751 |
|   1119 |    270 |
|   1120 |    959 |
|   1121 |    854 |
|   1122 |   1186 |
|   1123 |    249 |
|   1124 |    406 |
|   1125 |    375 |
|   1126 |   1073 |
|   1127 |    649 |
|   1128 |   1410 |
|   1129 |    688 |
|   1130 |    216 |
|   1131 |   1267 |
|   1132 |    543 |
|   1133 |    701 |
|   1134 |   1133 |
|   1135 |    405 |
|   1136 |    289 |
|   1137 |     68 |
|   1138 |   1345 |
|   1139 |   1083 |
|   1140 |   1281 |
|   1141 |   1291 |
|   1142 |    796 |
|   1143 |    353 |
|   1144 |   1054 |
|   1145 |    822 |
|   1146 |    940 |
|   1147 |    767 |
|   1148 |    419 |
|   1149 |   1450 |
|   1150 |   1234 |
|   1151 |   1124 |
|   1152 |    777 |
|   1153 |    609 |
|   1154 |    928 |
|   1155 |   1261 |
|   1156 |    592 |
|   1157 |   1118 |
|   1158 |    482 |
|   1159 |    827 |
|   1160 |   1413 |
|   1161 |    428 |
|   1162 |    528 |
|   1163 |   1136 |
|   1164 |    326 |
|   1165 |    621 |
|   1166 |   1276 |
|   1167 |   1451 |
|   1168 |    588 |
|   1169 |    902 |
|   1170 |    255 |
|   1171 |    225 |
|   1172 |    235 |
|   1173 |    618 |
|   1174 |   1270 |
|   1175 |   1184 |
|   1176 |    380 |
|   1177 |    172 |
|   1178 |   1132 |
|   1179 |    590 |
|   1180 |    131 |
|   1181 |    790 |
|   1182 |   1227 |
|   1183 |   1169 |
|   1184 |   1309 |
|   1185 |    510 |
|   1186 |    505 |
|   1187 |    536 |
|   1188 |   1299 |
|   1189 |    134 |
|   1190 |   1289 |
|   1191 |   1031 |
|   1192 |     72 |
|   1193 |    872 |
|   1194 |    154 |
|   1195 |    202 |
|   1196 |   1118 |
|   1197 |    287 |
|   1198 |    980 |
|   1199 |    287 |
|   1200 |    997 |
|   1201 |   1022 |
|   1202 |   1046 |
|   1203 |    215 |
|   1204 |   1391 |
|   1205 |    478 |
|   1206 |    105 |
|   1207 |   1357 |
|   1208 |   1305 |
|   1209 |    128 |
|   1210 |    399 |
|   1211 |    510 |
|   1212 |    468 |
|   1213 |   1206 |
|   1214 |    532 |
|   1215 |   1354 |
|   1216 |     66 |
|   1217 |   1250 |
|   1218 |   1038 |
|   1219 |    761 |
|   1220 |    513 |
|   1221 |    973 |
|   1222 |    325 |
|   1223 |   1150 |
|   1224 |    923 |
|   1225 |    322 |
|   1226 |    274 |
|   1227 |    988 |
|   1228 |   1406 |
|   1229 |    322 |
|   1230 |    160 |
|   1231 |    376 |
|   1232 |   1455 |
|   1233 |    964 |
|   1234 |   1034 |
|   1235 |    915 |
|   1236 |   1242 |
|   1237 |    346 |
|   1238 |    654 |
|   1239 |   1140 |
|   1240 |    528 |
|   1241 |    973 |
|   1242 |   1097 |
|   1243 |    935 |
|   1244 |    562 |
|   1245 |   1383 |
|   1246 |    599 |
|   1247 |    533 |
|   1248 |    839 |
|   1249 |    363 |
|   1250 |    310 |
|   1251 |    399 |
|   1252 |    359 |
|   1253 |    462 |
|   1254 |    344 |
|   1255 |    409 |
|   1256 |    955 |
|   1257 |   1042 |
|   1258 |    148 |
|   1259 |    363 |
|   1260 |    968 |
|   1261 |    324 |
|   1262 |    376 |
|   1263 |    241 |
|   1264 |   1054 |
|   1265 |    958 |
|   1266 |   1318 |
|   1267 |    808 |
|   1268 |    424 |
|   1269 |     98 |
|   1270 |    796 |
|   1271 |    136 |
|   1272 |   1027 |
|   1273 |   1253 |
|   1274 |    821 |
|   1275 |    891 |
|   1276 |    838 |
|   1277 |    408 |
|   1278 |    253 |
|   1279 |   1170 |
|   1280 |    874 |
|   1281 |    770 |
|   1282 |   1313 |
|   1283 |    802 |
|   1284 |   1407 |
|   1285 |    102 |
|   1286 |   1469 |
|   1287 |    210 |
|   1288 |    584 |
|   1289 |    709 |
|   1290 |   1401 |
|   1291 |    937 |
|   1292 |    872 |
|   1293 |    292 |
|   1294 |    564 |
|   1295 |    584 |
|   1296 |    892 |
|   1297 |    918 |
|   1298 |   1082 |
|   1299 |   1269 |
|   1300 |    863 |
|   1301 |   1437 |
|   1302 |     55 |
|   1303 |    126 |
|   1304 |    660 |
|   1305 |    629 |
|   1306 |    947 |
|   1307 |    878 |
|   1308 |    159 |
|   1309 |    617 |
|   1310 |   1388 |
|   1311 |    782 |
|   1312 |    845 |
|   1313 |    806 |
|   1314 |    849 |
|   1315 |    519 |
|   1316 |   1240 |
|   1317 |    371 |
|   1318 |   1201 |
|   1319 |   1291 |
|   1320 |    809 |
|   1321 |    965 |
|   1322 |    890 |
|   1323 |   1094 |
|   1324 |    629 |
|   1325 |    625 |
|   1326 |   1305 |
|   1327 |   1439 |
|   1328 |   1219 |
|   1329 |    447 |
|   1330 |    448 |
|   1331 |    871 |
|   1332 |     77 |
|   1333 |    766 |
|   1334 |   1026 |
|   1335 |    800 |
|   1336 |    713 |
|   1337 |   1296 |
|   1338 |    940 |
|   1339 |   1435 |
|   1340 |    107 |
|   1341 |    473 |
|   1342 |    423 |
|   1343 |    497 |
|   1344 |    579 |
|   1345 |   1344 |
|   1346 |    931 |
|   1347 |    995 |
|   1348 |    160 |
|   1349 |    722 |
|   1350 |    110 |
|   1351 |    870 |
|   1352 |    355 |
|   1353 |    290 |
|   1354 |    685 |
|   1355 |    685 |
|   1356 |   1041 |
|   1357 |    700 |
|   1358 |    555 |
|   1359 |    751 |
|   1360 |   1441 |
|   1361 |    263 |
|   1362 |    470 |
|   1363 |   1079 |
|   1364 |   1149 |
|   1365 |    589 |
|   1366 |    831 |
|   1367 |   1182 |
|   1368 |    201 |
|   1369 |    868 |
|   1370 |   1197 |
|   1371 |    301 |
|   1372 |    705 |
|   1373 |    265 |
|   1374 |   1123 |
|   1375 |    771 |
|   1376 |    482 |
|   1377 |     95 |
|   1378 |    233 |
|   1379 |    867 |
|   1380 |   1183 |
|   1381 |   1010 |
|   1382 |    414 |
|   1383 |   1197 |
|   1384 |   1376 |
|   1385 |   1125 |
|   1386 |    937 |
|   1387 |   1030 |
|   1388 |   1352 |
|   1389 |    292 |
|   1390 |    765 |
|   1391 |     67 |
|   1392 |    115 |
|   1393 |    772 |
|   1394 |    289 |
|   1395 |    553 |
|   1396 |   1331 |
|   1397 |    960 |
|   1398 |   1087 |
|   1399 |   1049 |
|   1400 |    143 |
|   1401 |    916 |
|   1402 |    203 |
|   1403 |    954 |
|   1404 |    417 |
|   1405 |    681 |
|   1406 |    354 |
|   1407 |   1397 |
|   1408 |    116 |
|   1409 |    158 |
|   1410 |   1211 |
|   1411 |    243 |
|   1412 |     70 |
|   1413 |     65 |
|   1414 |    280 |
|   1415 |   1006 |
|   1416 |    905 |
|   1417 |   1326 |
|   1418 |   1311 |
|   1419 |    646 |
|   1420 |    670 |
|   1421 |   1003 |
|   1422 |    336 |
|   1423 |    268 |
|   1424 |    655 |
|   1425 |    641 |
|   1426 |   1404 |
|   1427 |    847 |
|   1428 |    589 |
|   1429 |    911 |
|   1430 |    783 |
|   1431 |    939 |
|   1432 |    712 |
|   1433 |   1280 |
|   1434 |    224 |
|   1435 |   1220 |
|   1436 |    422 |
|   1437 |   1387 |
|   1438 |    900 |
|   1439 |     70 |
|   1440 |   1045 |
|   1441 |   1471 |
|   1442 |    134 |
|   1443 |    699 |
|   1444 |    994 |
|   1445 |   1391 |
|   1446 |    946 |
|   1447 |   1211 |
|   1448 |    831 |
|   1449 |   1289 |
|   1450 |    980 |
|   1451 |    942 |
|   1452 |    823 |
|   1453 |    562 |
|   1454 |    739 |
|   1455 |    144 |
|   1456 |   1351 |
|   1457 |   1078 |
|   1458 |    552 |
|   1459 |    713 |
|   1460 |    182 |
|   1461 |   1296 |
|   1462 |    558 |
|   1463 |    719 |
|   1464 |   1234 |
|   1465 |     60 |
|   1466 |    192 |
|   1467 |    396 |
|   1468 |    344 |
|   1469 |   1024 |
|   1470 |     72 |
|   1471 |    945 |
|   1472 |   1138 |
|   1473 |    811 |
|   1474 |   1329 |
|   1475 |   1007 |
|   1476 |    872 |
|   1477 |    347 |
|   1478 |   1024 |
|   1479 |    633 |
|   1480 |    769 |
|   1481 |   1094 |
|   1482 |     54 |
|   1483 |    523 |
|   1484 |    652 |
|   1485 |   1372 |
|   1486 |    822 |
|   1487 |    663 |
|   1488 |   1075 |
|   1489 |    128 |
|   1490 |   1104 |
|   1491 |    367 |
|   1492 |   1234 |
|   1493 |    523 |
|   1494 |   1271 |
|   1495 |   1014 |
|   1496 |    191 |
|   1497 |    745 |
|   1498 |   1394 |
|   1499 |    668 |
|   1500 |   1094 |
|   1501 |     57 |
|   1502 |   1099 |
|   1503 |    384 |
|   1504 |    266 |
|   1505 |    340 |
|   1506 |     87 |
|   1507 |   1409 |
|   1508 |    763 |
|   1509 |   1239 |
|   1510 |    773 |
|   1511 |    276 |
|   1512 |    915 |
|   1513 |    514 |
|   1514 |   1001 |
|   1515 |    888 |
|   1516 |    292 |
|   1517 |    538 |
|   1518 |   1076 |
|   1519 |    705 |
|   1520 |    700 |
|   1521 |   1224 |
|   1522 |    240 |
|   1523 |     73 |
|   1524 |    462 |
|   1525 |    249 |
|   1526 |   1156 |
|   1527 |    356 |
|   1528 |    917 |
|   1529 |    813 |
|   1530 |    354 |
|   1531 |   1422 |
|   1532 |    603 |
|   1533 |    779 |
|   1534 |    313 |
|   1535 |   1204 |
|   1536 |    306 |
|   1537 |    488 |
|   1538 |   1179 |
|   1539 |    764 |
|   1540 |    166 |
|   1541 |    226 |
|   1542 |    675 |
|   1543 |    477 |
|   1544 |    617 |
|   1545 |    432 |
|   1546 |    101 |
|   1547 |    731 |
|   1548 |   1168 |
|   1549 |   1264 |
|   1550 |    792 |
|   1551 |   1327 |
|   1552 |    255 |
|   1553 |    363 |
|   1554 |    351 |
|   1555 |    140 |
|   1556 |    147 |
|   1557 |   1109 |
|   1558 |     93 |
|   1559 |    886 |
|   1560 |    201 |
|   1561 |    278 |
|   1562 |    233 |
|   1563 |    661 |
|   1564 |    942 |
|   1565 |    184 |
|   1566 |   1389 |
|   1567 |   1281 |
|   1568 |    863 |
|   1569 |   1369 |
|   1570 |    340 |
|   1571 |    829 |
|   1572 |   1295 |
|   1573 |    991 |
|   1574 |   1434 |
|   1575 |    901 |
|   1576 |   1229 |
|   1577 |   1419 |
|   1578 |    267 |
|   1579 |    214 |
|   1580 |    297 |
|   1581 |   1457 |
|   1582 |    908 |
|   1583 |     73 |
|   1584 |    346 |
|   1585 |    355 |
|   1586 |    490 |
|   1587 |    920 |
|   1588 |   1015 |
|   1589 |   1286 |
|   1590 |   1036 |
|   1591 |   1223 |
|   1592 |   1110 |
|   1593 |    271 |
|   1594 |    848 |
|   1595 |    708 |
|   1596 |   1198 |
|   1597 |   1365 |
|   1598 |   1103 |
|   1599 |    673 |
|   1600 |    696 |
|   1601 |   1363 |
|   1602 |   1363 |
|   1603 |    552 |
|   1604 |    535 |
|   1605 |    494 |
|   1606 |   1129 |
|   1607 |    551 |
|   1608 |    407 |
|   1609 |    888 |
|   1610 |   1075 |
|   1611 |    971 |
|   1612 |    261 |
|   1613 |    848 |
|   1614 |   1161 |
|   1615 |    938 |
|   1616 |    735 |
|   1617 |    848 |
|   1618 |    641 |
|   1619 |   1384 |
|   1620 |    806 |
|   1621 |    791 |
|   1622 |   1461 |
|   1623 |    747 |
|   1624 |    165 |
|   1625 |    183 |
|   1626 |    106 |
|   1627 |   1080 |
|   1628 |    326 |
|   1629 |    692 |
|   1630 |    727 |
|   1631 |    194 |
|   1632 |    569 |
|   1633 |   1387 |
|   1634 |    428 |
|   1635 |    354 |
|   1636 |   1258 |
|   1637 |    371 |
|   1638 |    907 |
|   1639 |    606 |
|   1640 |    663 |
|   1641 |    211 |
|   1642 |    185 |
|   1643 |    403 |
|   1644 |    661 |
|   1645 |    996 |
|   1646 |     84 |
|   1647 |    131 |
|   1648 |    337 |
|   1649 |   1178 |
|   1650 |    303 |
|   1651 |    550 |
|   1652 |   1401 |
|   1653 |   1460 |
|   1654 |    491 |
|   1655 |   1018 |
|   1656 |    167 |
|   1657 |    519 |
|   1658 |   1120 |
|   1659 |   1339 |
|   1660 |   1419 |
|   1661 |    636 |
|   1662 |    330 |
|   1663 |   1415 |
|   1664 |    397 |
|   1665 |    623 |
|   1666 |    349 |
|   1667 |    697 |
|   1668 |   1004 |
|   1669 |   1232 |
|   1670 |    718 |
|   1671 |    157 |
|   1672 |    811 |
|   1673 |    452 |
|   1674 |    465 |
|   1675 |    233 |
|   1676 |    963 |
|   1677 |   1007 |
|   1678 |    708 |
|   1679 |    311 |
|   1680 |     71 |
|   1681 |    372 |
|   1682 |   1330 |
|   1683 |    327 |
|   1684 |    273 |
|   1685 |   1253 |
|   1686 |    323 |
|   1687 |     78 |
|   1688 |    220 |
|   1689 |   1474 |
|   1690 |    816 |
|   1691 |   1092 |
|   1692 |    316 |
|   1693 |   1216 |
|   1694 |    206 |
|   1695 |    965 |
|   1696 |    677 |
|   1697 |    789 |
|   1698 |    599 |
|   1699 |    665 |
|   1700 |   1454 |
|   1701 |   1241 |
|   1702 |    730 |
|   1703 |    474 |
|   1704 |    244 |
|   1705 |    934 |
|   1706 |   1446 |
|   1707 |    802 |
|   1708 |    498 |
|   1709 |    393 |
|   1710 |    587 |
|   1711 |    625 |
|   1712 |   1433 |
|   1713 |   1416 |
|   1714 |    817 |
|   1715 |   1248 |
|   1716 |    463 |
|   1717 |   1384 |
|   1718 |    526 |
|   1719 |   1001 |
|   1720 |   1431 |
|   1721 |     80 |
|   1722 |   1329 |
|   1723 |   1415 |
|   1724 |   1269 |
|   1725 |   1432 |
|   1726 |    869 |
|   1727 |    505 |
|   1728 |   1058 |
|   1729 |    441 |
|   1730 |    164 |
|   1731 |    812 |
|   1732 |   1308 |
|   1733 |    384 |
|   1734 |   1338 |
|   1735 |    735 |
|   1736 |    360 |
|   1737 |    673 |
|   1738 |    744 |
|   1739 |   1070 |
|   1740 |   1315 |
|   1741 |    486 |
|   1742 |    348 |
|   1743 |    974 |
|   1744 |    801 |
|   1745 |   1287 |
|   1746 |   1064 |
|   1747 |   1036 |
|   1748 |    600 |
|   1749 |    616 |
|   1750 |    890 |
|   1751 |    494 |
|   1752 |   1214 |
|   1753 |    181 |
|   1754 |   1453 |
|   1755 |    579 |
|   1756 |   1273 |
|   1757 |    679 |
|   1758 |    207 |
|   1759 |   1026 |
|   1760 |    344 |
|   1761 |    677 |
|   1762 |    389 |
|   1763 |    308 |
|   1764 |    553 |
|   1765 |    475 |
|   1766 |    306 |
|   1767 |    874 |
|   1768 |    286 |
|   1769 |   1219 |
|   1770 |   1182 |
|   1771 |   1468 |
|   1772 |   1056 |
|   1773 |    174 |
|   1774 |    840 |
|   1775 |    592 |
|   1776 |    831 |
|   1777 |    925 |
|   1778 |   1034 |
|   1779 |    312 |
|   1780 |    608 |
|   1781 |    963 |
|   1782 |   1431 |
|   1783 |    295 |
|   1784 |    408 |
|   1785 |   1037 |
|   1786 |    920 |
|   1787 |   1172 |
|   1788 |   1463 |
|   1789 |    183 |
|   1790 |    606 |
|   1791 |   1429 |
|   1792 |    768 |
|   1793 |    854 |
|   1794 |    702 |
|   1795 |   1221 |
|   1796 |    470 |
|   1797 |    879 |
|   1798 |   1321 |
|   1799 |    160 |
|   1800 |   1152 |
|   1801 |    964 |
|   1802 |    823 |
|   1803 |   1046 |
|   1804 |     76 |
|   1805 |    166 |
|   1806 |    285 |
|   1807 |    893 |
|   1808 |    481 |
|   1809 |    958 |
|   1810 |    624 |
|   1811 |   1164 |
|   1812 |    276 |
|   1813 |    564 |
|   1814 |    961 |
|   1815 |     50 |
|   1816 |    434 |
|   1817 |    170 |
|   1818 |    395 |
|   1819 |    132 |
|   1820 |   1417 |
|   1821 |    142 |
|   1822 |    400 |
|   1823 |   1370 |
|   1824 |    865 |
|   1825 |   1445 |
|   1826 |   1469 |
|   1827 |   1388 |
|   1828 |    781 |
|   1829 |   1361 |
|   1830 |   1171 |
|   1831 |   1465 |
|   1832 |    392 |
|   1833 |    835 |
|   1834 |     86 |
|   1835 |    324 |
|   1836 |   1448 |
|   1837 |    152 |
|   1838 |   1401 |
|   1839 |   1201 |
|   1840 |    715 |
|   1841 |    277 |
|   1842 |    667 |
|   1843 |   1451 |
|   1844 |    683 |
|   1845 |    810 |
|   1846 |   1363 |
|   1847 |    162 |
|   1848 |    439 |
|   1849 |    489 |
|   1850 |     53 |
|   1851 |    135 |
|   1852 |    579 |
|   1853 |   1156 |
|   1854 |    993 |
|   1855 |   1263 |
|   1856 |   1177 |
|   1857 |   1184 |
|   1858 |   1140 |
|   1859 |    114 |
|   1860 |   1075 |
|   1861 |    662 |
|   1862 |   1139 |
|   1863 |   1296 |
|   1864 |    294 |
|   1865 |   1450 |
|   1866 |    328 |
|   1867 |   1289 |
|   1868 |    988 |
|   1869 |    218 |
|   1870 |   1433 |
|   1871 |    170 |
|   1872 |    226 |
|   1873 |    311 |
|   1874 |     80 |
|   1875 |    503 |
|   1876 |   1351 |
|   1877 |    643 |
|   1878 |    471 |
|   1879 |    364 |
|   1880 |    153 |
|   1881 |    318 |
|   1882 |   1005 |
|   1883 |   1057 |
|   1884 |   1108 |
|   1885 |   1376 |
|   1886 |   1165 |
|   1887 |    854 |
|   1888 |   1396 |
|   1889 |   1347 |
|   1890 |    525 |
|   1891 |   1025 |
|   1892 |    807 |
|   1893 |    773 |
|   1894 |   1305 |
|   1895 |   1191 |
|   1896 |    875 |
|   1897 |    264 |
|   1898 |    988 |
|   1899 |    276 |
|   1900 |     75 |
|   1901 |    854 |
|   1902 |    694 |
|   1903 |     63 |
|   1904 |   1134 |
|   1905 |    753 |
|   1906 |    141 |
|   1907 |    540 |
|   1908 |    244 |
|   1909 |    829 |
|   1910 |    614 |
|   1911 |   1149 |
|   1912 |   1306 |
|   1913 |    520 |
|   1914 |   1022 |
|   1915 |   1389 |
|   1916 |    756 |
|   1917 |    779 |
|   1918 |   1341 |
|   1919 |    645 |
|   1920 |    372 |
|   1921 |   1469 |
|   1922 |   1370 |
|   1923 |    666 |
|   1924 |    723 |
|   1925 |   1237 |
|   1926 |    549 |
|   1927 |    596 |
|   1928 |   1307 |
|   1929 |    120 |
|   1930 |   1019 |
|   1931 |    787 |
|   1932 |   1381 |
|   1933 |     99 |
|   1934 |   1147 |
|   1935 |   1046 |
|   1936 |    439 |
|   1937 |    985 |
|   1938 |    213 |
|   1939 |    980 |
|   1940 |    890 |
|   1941 |   1112 |
|   1942 |     69 |
|   1943 |    915 |
|   1944 |    508 |
|   1945 |    218 |
|   1946 |    236 |
|   1947 |   1096 |
|   1948 |   1416 |
|   1949 |   1168 |
|   1950 |    746 |
|   1951 |    471 |
|   1952 |    382 |
|   1953 |    777 |
|   1954 |    655 |
|   1955 |   1327 |
|   1956 |   1434 |
|   1957 |    573 |
|   1958 |    821 |
|   1959 |   1136 |
|   1960 |   1338 |
|   1961 |    699 |
|   1962 |    306 |
|   1963 |    671 |
|   1964 |    321 |
|   1965 |    668 |
|   1966 |    702 |
|   1967 |   1198 |
|   1968 |   1421 |
|   1969 |     76 |
|   1970 |    595 |
|   1971 |   1286 |
|   1972 |    986 |
|   1973 |    210 |
|   1974 |    187 |
|   1975 |    243 |
|   1976 |    650 |
|   1977 |   1076 |
|   1978 |   1138 |
|   1979 |    185 |
|   1980 |    573 |
|   1981 |    471 |
|   1982 |    252 |
|   1983 |    923 |
|   1984 |   1430 |
|   1985 |   1032 |
|   1986 |    571 |
|   1987 |   1066 |
|   1988 |    572 |
|   1989 |    549 |
|   1990 |   1445 |
|   1991 |    922 |
|   1992 |   1299 |
|   1993 |   1373 |
|   1994 |   1096 |
|   1995 |    669 |
|   1996 |    725 |
|   1997 |   1403 |
|   1998 |    341 |
|   1999 |    775 |
|   2000 |    812 |
|   2001 |   1058 |
|   2002 |   1094 |
|   2003 |    964 |
|   2004 |    944 |
|   2005 |     92 |
|   2006 |   1116 |
|   2007 |    471 |
|   2008 |    924 |
|   2009 |    171 |
|   2010 |   1454 |
|   2011 |    132 |
|   2012 |   1277 |
|   2013 |   1291 |
|   2014 |    951 |
|   2015 |    502 |
|   2016 |   1253 |
|   2017 |    838 |
|   2018 |   1394 |
|   2019 |    837 |
|   2020 |   1331 |
|   2021 |    485 |
|   2022 |    544 |
|   2023 |    244 |
|   2024 |    671 |
|   2025 |   1198 |
|   2026 |    871 |
|   2027 |    144 |
|   2028 |    588 |
|   2029 |    121 |
|   2030 |   1271 |
|   2031 |    792 |
|   2032 |    200 |
|   2033 |    952 |
|   2034 |   1029 |
|   2035 |    989 |
|   2036 |   1042 |
|   2037 |    280 |
|   2038 |    376 |
|   2039 |    842 |
|   2040 |   1102 |
|   2041 |   1393 |
|   2042 |   1271 |
|   2043 |   1033 |
|   2044 |    746 |
|   2045 |    933 |
|   2046 |   1311 |
|   2047 |   1311 |
|   2048 |   1014 |
|   2049 |   1334 |
|   2050 |     60 |
|   2051 |    213 |
|   2052 |   1072 |
|   2053 |    102 |
|   2054 |    737 |
|   2055 |    151 |
|   2056 |    941 |
|   2057 |    347 |
|   2058 |    896 |
|   2059 |   1349 |
|   2060 |    624 |
|   2061 |    738 |
|   2062 |    645 |
|   2063 |    171 |
|   2064 |    324 |
|   2065 |    743 |
|   2066 |    654 |
|   2067 |    957 |
|   2068 |   1426 |
|   2069 |    693 |
|   2070 |   1411 |
|   2071 |   1359 |
|   2072 |    110 |
|   2073 |   1194 |
|   2074 |    186 |
|   2075 |    180 |
|   2076 |    337 |
|   2077 |   1379 |
|   2078 |   1446 |
|   2079 |    515 |
|   2080 |   1030 |
|   2081 |    499 |
|   2082 |    140 |
|   2083 |    237 |
|   2084 |   1300 |
|   2085 |    946 |
|   2086 |    591 |
|   2087 |   1023 |
|   2088 |   1325 |
|   2089 |    104 |
|   2090 |    525 |
|   2091 |    888 |
|   2092 |   1413 |
|   2093 |    450 |
|   2094 |    113 |
|   2095 |   1440 |
|   2096 |   1079 |
|   2097 |   1103 |
|   2098 |   1158 |
|   2099 |    507 |
|   2100 |    682 |
|   2101 |    229 |
|   2102 |    760 |
|   2103 |   1356 |
|   2104 |    304 |
|   2105 |   1417 |
|   2106 |    155 |
|   2107 |    608 |
|   2108 |   1276 |
|   2109 |    735 |
|   2110 |    270 |
|   2111 |    308 |
|   2112 |    773 |
|   2113 |    274 |
|   2114 |    440 |
|   2115 |    571 |
|   2116 |    534 |
|   2117 |    690 |
|   2118 |    320 |
|   2119 |   1147 |
|   2120 |    192 |
|   2121 |   1442 |
|   2122 |   1469 |
|   2123 |   1105 |
|   2124 |    549 |
|   2125 |   1124 |
|   2126 |    124 |
|   2127 |    762 |
|   2128 |     90 |
|   2129 |    968 |
|   2130 |    389 |
|   2131 |    750 |
|   2132 |    114 |
|   2133 |   1035 |
|   2134 |    889 |
|   2135 |    924 |
|   2136 |    342 |
|   2137 |    741 |
|   2138 |   1221 |
|   2139 |   1121 |
|   2140 |    379 |
|   2141 |    357 |
|   2142 |   1190 |
|   2143 |    792 |
|   2144 |    293 |
|   2145 |    864 |
|   2146 |    703 |
|   2147 |    922 |
|   2148 |   1434 |
|   2149 |    257 |
|   2150 |    361 |
|   2151 |    993 |
|   2152 |    765 |
|   2153 |    748 |
|   2154 |    675 |
|   2155 |    114 |
|   2156 |   1195 |
|   2157 |    757 |
|   2158 |   1348 |
|   2159 |    753 |
|   2160 |   1257 |
|   2161 |    386 |
|   2162 |   1406 |
|   2163 |   1414 |
|   2164 |    889 |
|   2165 |   1384 |
|   2166 |    207 |
|   2167 |    909 |
|   2168 |    887 |
|   2169 |    384 |
|   2170 |     86 |
|   2171 |    570 |
|   2172 |   1454 |
|   2173 |    578 |
|   2174 |    715 |
|   2175 |   1401 |
|   2176 |    221 |
|   2177 |    738 |
|   2178 |    178 |
|   2179 |   1041 |
|   2180 |    829 |
|   2181 |    969 |
|   2182 |   1375 |
|   2183 |    362 |
|   2184 |   1147 |
|   2185 |   1221 |
|   2186 |    300 |
|   2187 |    350 |
|   2188 |    679 |
|   2189 |    593 |
|   2190 |    405 |
|   2191 |    514 |
|   2192 |    514 |
|   2193 |    521 |
|   2194 |   1079 |
|   2195 |    847 |
|   2196 |   1194 |
|   2197 |   1377 |
|   2198 |    199 |
|   2199 |     68 |
|   2200 |    330 |
|   2201 |   1252 |
|   2202 |     87 |
|   2203 |    699 |
|   2204 |   1051 |
|   2205 |    708 |
|   2206 |   1275 |
|   2207 |    902 |
|   2208 |    338 |
|   2209 |    901 |
|   2210 |    480 |
|   2211 |    723 |
|   2212 |   1112 |
|   2213 |    278 |
|   2214 |   1394 |
|   2215 |   1237 |
|   2216 |   1443 |
|   2217 |     50 |
|   2218 |    588 |
|   2219 |   1441 |
|   2220 |    471 |
|   2221 |    855 |
|   2222 |   1261 |
|   2223 |   1326 |
|   2224 |     69 |
|   2225 |    798 |
|   2226 |     63 |
|   2227 |    294 |
|   2228 |    506 |
|   2229 |     88 |
|   2230 |   1145 |
|   2231 |    762 |
|   2232 |    493 |
|   2233 |   1090 |
|   2234 |   1222 |
|   2235 |    445 |
|   2236 |   1284 |
|   2237 |    456 |
|   2238 |   1248 |
|   2239 |    241 |
|   2240 |   1007 |
|   2241 |    624 |
|   2242 |   1303 |
|   2243 |   1235 |
|   2244 |    269 |
|   2245 |    308 |
|   2246 |    100 |
|   2247 |    659 |
|   2248 |    914 |
|   2249 |   1235 |
|   2250 |   1289 |
|   2251 |    212 |
|   2252 |    482 |
|   2253 |    740 |
|   2254 |    980 |
|   2255 |    955 |
|   2256 |   1286 |
|   2257 |    330 |
|   2258 |   1371 |
|   2259 |   1041 |
|   2260 |   1019 |
|   2261 |   1266 |
|   2262 |    701 |
|   2263 |    410 |
|   2264 |    924 |
|   2265 |    181 |
|   2266 |    149 |
|   2267 |    218 |
|   2268 |   1285 |
|   2269 |   1357 |
|   2270 |    658 |
|   2271 |   1125 |
|   2272 |    320 |
|   2273 |    290 |
|   2274 |    432 |
|   2275 |   1036 |
|   2276 |    426 |
|   2277 |    734 |
|   2278 |    243 |
|   2279 |    700 |
|   2280 |    823 |
|   2281 |   1341 |
|   2282 |    244 |
|   2283 |    654 |
|   2284 |    491 |
|   2285 |   1270 |
|   2286 |   1123 |
|   2287 |    770 |
|   2288 |    410 |
|   2289 |    770 |
|   2290 |    403 |
|   2291 |    145 |
|   2292 |    517 |
|   2293 |    515 |
|   2294 |   1018 |
|   2295 |   1463 |
|   2296 |    327 |
|   2297 |   1345 |
|   2298 |    160 |
|   2299 |    469 |
|   2300 |     55 |
|   2301 |   1072 |
|   2302 |   1180 |
|   2303 |    315 |
|   2304 |   1221 |
|   2305 |   1395 |
|   2306 |    857 |
|   2307 |     55 |
|   2308 |    727 |
|   2309 |    210 |
|   2310 |    525 |
|   2311 |   1340 |
|   2312 |    164 |
|   2313 |    896 |
|   2314 |    499 |
|   2315 |   1106 |
|   2316 |    141 |
|   2317 |   1021 |
|   2318 |    627 |
|   2319 |     51 |
|   2320 |   1387 |
|   2321 |    609 |
|   2322 |    620 |
|   2323 |    408 |
|   2324 |    927 |
|   2325 |    961 |
|   2326 |    196 |
|   2327 |   1428 |
|   2328 |    834 |
|   2329 |   1392 |
|   2330 |   1209 |
|   2331 |    271 |
|   2332 |    730 |
|   2333 |    513 |
|   2334 |    433 |
|   2335 |   1030 |
|   2336 |    110 |
|   2337 |    848 |
|   2338 |    806 |
|   2339 |   1116 |
|   2340 |    181 |
|   2341 |    638 |
|   2342 |   1295 |
|   2343 |    465 |
|   2344 |   1358 |
|   2345 |    116 |
|   2346 |    337 |
|   2347 |   1374 |
|   2348 |    368 |
|   2349 |    392 |
|   2350 |     71 |
|   2351 |    256 |
|   2352 |    192 |
|   2353 |    875 |
|   2354 |    716 |
|   2355 |    402 |
|   2356 |   1192 |
|   2357 |    432 |
|   2358 |    830 |
|   2359 |   1422 |
|   2360 |    882 |
|   2361 |   1096 |
|   2362 |   1334 |
|   2363 |    166 |
|   2364 |    619 |
|   2365 |    993 |
|   2366 |    537 |
|   2367 |    122 |
|   2368 |   1088 |
|   2369 |    947 |
|   2370 |    867 |
|   2371 |   1388 |
|   2372 |    514 |
|   2373 |   1470 |
|   2374 |    273 |
|   2375 |    994 |
|   2376 |    281 |
|   2377 |    329 |
|   2378 |    403 |
|   2379 |   1309 |
|   2380 |    548 |
|   2381 |    183 |
|   2382 |    261 |
|   2383 |    754 |
|   2384 |    506 |
|   2385 |    860 |
|   2386 |    322 |
|   2387 |    167 |
|   2388 |    121 |
|   2389 |   1432 |
|   2390 |   1467 |
|   2391 |    466 |
|   2392 |    910 |
|   2393 |    916 |
|   2394 |    932 |
|   2395 |    739 |
|   2396 |   1168 |
|   2397 |   1375 |
|   2398 |    981 |
|   2399 |    899 |
|   2400 |    288 |
|   2401 |    830 |
|   2402 |   1138 |
|   2403 |    934 |
|   2404 |    467 |
|   2405 |   1138 |
|   2406 |   1103 |
|   2407 |    902 |
|   2408 |    512 |
|   2409 |   1129 |
|   2410 |    848 |
|   2411 |    808 |
|   2412 |   1350 |
|   2413 |    170 |
|   2414 |    799 |
|   2415 |    243 |
|   2416 |    886 |
|   2417 |    969 |
|   2418 |   1427 |
|   2419 |   1212 |
|   2420 |    663 |
|   2421 |   1166 |
|   2422 |    873 |
|   2423 |   1189 |
|   2424 |    513 |
|   2425 |   1003 |
|   2426 |   1339 |
|   2427 |   1197 |
|   2428 |    843 |
|   2429 |    923 |
|   2430 |     56 |
|   2431 |    300 |
|   2432 |    120 |
|   2433 |    744 |
|   2434 |   1227 |
|   2435 |   1286 |
|   2436 |     77 |
|   2437 |   1320 |
|   2438 |    526 |
|   2439 |    347 |
|   2440 |    509 |
|   2441 |    372 |
|   2442 |   1337 |
|   2443 |   1235 |
|   2444 |    459 |
|   2445 |    531 |
|   2446 |     86 |
|   2447 |   1029 |
|   2448 |    472 |
|   2449 |   1296 |
|   2450 |   1258 |
|   2451 |    819 |
|   2452 |   1362 |
|   2453 |     90 |
|   2454 |    889 |
|   2455 |   1276 |
|   2456 |   1288 |
|   2457 |   1193 |
|   2458 |    546 |
|   2459 |    790 |
|   2460 |    822 |
|   2461 |    727 |
|   2462 |    546 |
|   2463 |    299 |
|   2464 |    724 |
|   2465 |    628 |
|   2466 |    251 |
|   2467 |   1171 |
|   2468 |    666 |
|   2469 |   1247 |
|   2470 |   1205 |
|   2471 |    244 |
|   2472 |    736 |
|   2473 |   1302 |
|   2474 |   1044 |
|   2475 |   1152 |
|   2476 |   1125 |
|   2477 |    419 |
|   2478 |   1018 |
|   2479 |    477 |
|   2480 |    404 |
|   2481 |    198 |
|   2482 |    824 |
|   2483 |    586 |
|   2484 |    625 |
|   2485 |    483 |
|   2486 |    728 |
|   2487 |    598 |
|   2488 |   1138 |
|   2489 |   1012 |
|   2490 |    334 |
|   2491 |    237 |
|   2492 |    729 |
|   2493 |    854 |
|   2494 |   1186 |
|   2495 |    774 |
|   2496 |   1392 |
|   2497 |    108 |
|   2498 |   1114 |
|   2499 |    786 |
|   2500 |    576 |
|   2501 |    551 |
|   2502 |    329 |
|   2503 |    838 |
|   2504 |    808 |
|   2505 |   1151 |
|   2506 |     77 |
|   2507 |    588 |
|   2508 |    767 |
|   2509 |    811 |
|   2510 |   1017 |
|   2511 |    981 |
|   2512 |    976 |
|   2513 |   1420 |
|   2514 |    648 |
|   2515 |    732 |
|   2516 |   1003 |
|   2517 |    754 |
|   2518 |   1249 |
|   2519 |   1203 |
|   2520 |   1392 |
|   2521 |   1100 |
|   2522 |    566 |
|   2523 |    303 |
|   2524 |     51 |
|   2525 |    343 |
|   2526 |    934 |
|   2527 |    937 |
|   2528 |    574 |
|   2529 |   1348 |
|   2530 |    529 |
|   2531 |    371 |
|   2532 |    867 |
|   2533 |    689 |
|   2534 |   1004 |
|   2535 |    285 |
|   2536 |    921 |
|   2537 |   1115 |
|   2538 |    905 |
|   2539 |   1041 |
|   2540 |    943 |
|   2541 |    239 |
|   2542 |    574 |
|   2543 |   1419 |
|   2544 |    215 |
|   2545 |   1271 |
|   2546 |    759 |
|   2547 |     96 |
|   2548 |    636 |
|   2549 |   1134 |
|   2550 |    686 |
|   2551 |    198 |
|   2552 |   1111 |
|   2553 |    359 |
|   2554 |    616 |
|   2555 |    372 |
|   2556 |    992 |
|   2557 |     64 |
|   2558 |    392 |
|   2559 |    756 |
|   2560 |    144 |
|   2561 |    501 |
|   2562 |    420 |
|   2563 |    213 |
|   2564 |   1037 |
|   2565 |    669 |
|   2566 |    864 |
|   2567 |    344 |
|   2568 |    423 |
|   2569 |    652 |
|   2570 |   1234 |
|   2571 |   1206 |
|   2572 |    229 |
|   2573 |    481 |
|   2574 |    407 |
|   2575 |   1424 |
|   2576 |    998 |
|   2577 |   1446 |
|   2578 |    699 |
|   2579 |    410 |
|   2580 |    382 |
|   2581 |    834 |
|   2582 |    344 |
Numerul TOTAL de pagini este 1952768
O TREIME de pagini este reprezentata 650922
===Rezultatele in cazul unei metode greedy===
Angajatul 1 este responsabil de 650432 pagini.
Angajatul 2 este responsabil de 650804 pagini.
Angajatul 3 este responsabil de 651532 pagini.
===Rezultatele in cazul unei metode de cautare exhaustive===
Angajatul 1 este responsabil de 651150 pagini.
Angajatul 2 este responsabil de 650898 pagini.
Angajatul 3 este responsabil de 650720 pagini.
